0 0.6399999999999999 0.35 0.040000000000000036 0.08
1 0.6399999999999999 0.35 0.040000000000000036 0.08
0 0.425 0.37 0.03 0.06
0 0.3 0.225 0.020000000000000018 0.05
0 0.755 0.415 0.02999999999999995 0.05
0 0.5369791666666666 0.05274285714285715 0.01249999999999998 0.022857142857142857
0 0.5822222222222222 0.14754285714285714 0.017708333333333312 0.03028571428571427
0 0.4398958333333333 0.6711428571428572 0.03888888888888885 0.07142857142857142
1 0.4398958333333333 0.6711428571428572 0.03888888888888885 0.07142857142857142
0 0.30312500000000003 0.5116 0.0392361111111111 0.05199999999999997
1 0.30312500000000003 0.5116 0.0392361111111111 0.05199999999999997
0 0.6076562499999999 0.08765714285714285 0.0142013888888889 0.023428571428571437
0 0.17597222222222222 0.1352857142857143 0.01111111111111112 0.018799999999999994
0 0.04427083333333333 0.10382857142857144 0.013888888888888888 0.022285714285714298
0 0.4764236111111111 0.38774285714285717 0.02847222222222218 0.06337142857142859
1 0.4764236111111111 0.38774285714285717 0.02847222222222218 0.06337142857142859
0 0.48335069444444434 0.2745714285714286 0.02850694444444447 0.053142857142857165
1 0.48335069444444434 0.2745714285714286 0.02850694444444447 0.053142857142857165
0 0.49871527777777774 0.06048571428571429 0.013194444444444483 0.031028571428571433
0 0.6090277777777777 0.12 0.024305555555555552 0.04