0 0.265 0.045 0.07 0.09
0 0.6649999999999999 0.255 0.05000000000000002 0.08999999999999997
0 0.44000000000000006 0.25 0.04000000000000003 0.09999999999999998
0 0.6 0.2 0.05999999999999996 0.12
1 0.6 0.2 0.05999999999999996 0.12
2 0.6 0.2 0.05999999999999996 0.12
0 0.30999999999999994 0.21499999999999997 0.08 0.14999999999999997
1 0.30999999999999994 0.21499999999999997 0.08 0.14999999999999997
2 0.30999999999999994 0.21499999999999997 0.08 0.14999999999999997
0 0.52 0.145 0.07999999999999995 0.16999999999999998
1 0.52 0.145 0.07999999999999995 0.16999999999999998
2 0.52 0.145 0.07999999999999995 0.16999999999999998