0 0.7249354838709678 0.26319018404907973 0.01387096774193543 0.022699386503067503
0 0.7871935483870968 0.28251533742331286 0.011935483870967704 0.017177914110429474
0 0.8515483870967743 0.2745398773006135 0.010967741935483982 0.02576687116564419
1 0.8515483870967743 0.2745398773006135 0.010967741935483982 0.02576687116564419
0 0.9596129032258065 0.30398773006134966 0.012903225806451613 0.022085889570552155
1 0.9596129032258065 0.30398773006134966 0.012903225806451613 0.022085889570552155
0 0.7279032258064515 0.7385276073619632 0.017419354838709697 0.045398773006134915
0 0.925 0.68 0.07000000000000015 0.13999999999999996
1 0.925 0.68 0.07000000000000015 0.13999999999999996
2 0.925 0.68 0.07000000000000015 0.13999999999999996
0 0.77 0.32 0.020000000000000056 0.04000000000000002