0 0.5405729166666666 0.2923177083333333 0.03999999999999996 0.05989583333333333
0 0.6602213541666666 0.2886197916666666 0.09361979166666663 0.10999999999999999
2 0.6602213541666666 0.2886197916666666 0.09361979166666663 0.10999999999999999
1 0.6602213541666666 0.2886197916666666 0.09361979166666663 0.10999999999999999
0 0.3029231770833333 0.14869140625 0.18003906249999996 0.15811197916666667
1 0.3029231770833333 0.14869140625 0.18003906249999996 0.15811197916666667
2 0.3029231770833333 0.14869140625 0.18003906249999996 0.15811197916666667
0 0.7758333333333332 0.3039778645833333 0.036901041666666703 0.048450520833333344
0 0.7435677083333332 0.29062499999999997 0.04999999999999997 0.07187500000000002
2 0.7435677083333332 0.29062499999999997 0.04999999999999997 0.07187500000000002
0 0.883984375 0.3045572916666667 0.058072916666666696 0.07968749999999998