0 0.6948943661971831 0.782768361581921 0.02711267605633799 0.04350282485875716
1 0.6948943661971831 0.782768361581921 0.02711267605633799 0.04350282485875716
2 0.6948943661971831 0.782768361581921 0.02711267605633799 0.04350282485875716
0 0.19985915492957745 0.5205649717514125 0.014788732394366207 0.020338983050847425
1 0.19985915492957745 0.5205649717514125 0.014788732394366207 0.020338983050847425
0 0.6156690140845071 0.2852542372881356 0.01619718309859153 0.029378531073446342
1 0.6156690140845071 0.2852542372881356 0.01619718309859153 0.029378531073446342
0 0.35475352112676056 0.22271186440677967 0.012323943661971832 0.02316384180790961
1 0.35475352112676056 0.22271186440677967 0.012323943661971832 0.02316384180790961
0 0.9148943661971831 0.50954802259887 0.014084507042253521 0.029378531073446342
1 0.9148943661971831 0.50954802259887 0.014084507042253521 0.029378531073446342
0 0.5 0.8949999999999999 0.020000000000000025 0.030000000000000013
1 0.5 0.8949999999999999 0.020000000000000025 0.030000000000000013
0 0.7429577464788732 0.9562146892655368 0.03028169014084515 0.050282485875706086
1 0.7429577464788732 0.9562146892655368 0.03028169014084515 0.050282485875706086
2 0.7429577464788732 0.9562146892655368 0.03028169014084515 0.050282485875706086
0 0.7330985915492958 0.7875706214689265 0.02887323943661978 0.05536723163841814
1 0.7330985915492958 0.7875706214689265 0.02887323943661978 0.05536723163841814
2 0.7330985915492958 0.7875706214689265 0.02887323943661978 0.05536723163841814