0 0.29833541927409263 0.2835591603053435 0.025356695869837288 0.04471374045801528
2 0.29833541927409263 0.2835591603053435 0.025356695869837288 0.04471374045801528
1 0.29833541927409263 0.2835591603053435 0.025356695869837288 0.04471374045801528
0 0.38 0.315 0.06 0.10999999999999997
1 0.38 0.315 0.06 0.10999999999999997
0 0.2619524405506884 0.2823854961832061 0.009386733416770964 0.009656488549618324
1 0.2619524405506884 0.2823854961832061 0.009386733416770964 0.009656488549618324
2 0.2619524405506884 0.2823854961832061 0.009386733416770964 0.009656488549618324
0 0.27503128911138924 0.2799045801526717 0.009511889862327939 0.009656488549618324
1 0.27503128911138924 0.2799045801526717 0.009511889862327939 0.009656488549618324
2 0.27503128911138924 0.2799045801526717 0.009511889862327939 0.009656488549618324
0 0.34897997496871097 0.2841125954198473 0.023366708385481872 0.051240458015267214
1 0.34897997496871097 0.2841125954198473 0.023366708385481872 0.051240458015267214
2 0.34897997496871097 0.2841125954198473 0.023366708385481872 0.051240458015267214
0 0.7711576971214017 0.33499999999999996 0.03768460575719652 0.07
1 0.7711576971214017 0.33499999999999996 0.03768460575719652 0.07
0 0.79 0.3 0.04000000000000005 0.07999999999999997
1 0.79 0.3 0.04000000000000005 0.07999999999999997
0 0.6699999999999999 0.33 0.039999999999999904 0.07999999999999997
1 0.6699999999999999 0.33 0.039999999999999904 0.07999999999999997
2 0.6699999999999999 0.33 0.039999999999999904 0.07999999999999997
0 0.57 0.325 0.06 0.13
1 0.57 0.325 0.06 0.13