0 0.4290727272727273 0.19095628415300547 0.06418181818181815 0.13710382513661204
2 0.4290727272727273 0.19095628415300547 0.06418181818181815 0.13710382513661204
1 0.4290727272727273 0.19095628415300547 0.06418181818181815 0.13710382513661204
0 0.9763636363636363 0.04234972677595628 0.04727272727272727 0.07967213114754097
1 0.9763636363636363 0.04234972677595628 0.04727272727272727 0.07967213114754097
0 0.8281272727272728 0.07584699453551912 0.03967272727272726 0.060874316939890705
1 0.8281272727272728 0.07584699453551912 0.03967272727272726 0.060874316939890705
0 0.10720000000000002 0.1609016393442623 0.02756363636363637 0.050218579234972666
1 0.10720000000000002 0.1609016393442623 0.02756363636363637 0.050218579234972666
0 0.19 0.165 0.04 0.07
0 0.505 0.15000000000000002 0.09 0.16
1 0.505 0.15000000000000002 0.09 0.16
0 0.615 0.23500000000000001 0.09 0.17
2 0.615 0.23500000000000001 0.09 0.17
1 0.615 0.23500000000000001 0.09 0.17
0 0.775 0.22499999999999998 0.11 0.21
2 0.775 0.22499999999999998 0.11 0.21
1 0.775 0.22499999999999998 0.11 0.21
0 0.2711454545454545 0.1725409836065574 0.04730909090909088 0.06978142076502732
1 0.2711454545454545 0.1725409836065574 0.04730909090909088 0.06978142076502732
0 0.29901818181818185 0.23663934426229508 0.050690909090909085 0.09142076502732242
1 0.29901818181818185 0.23663934426229508 0.050690909090909085 0.09142076502732242
0 0.37165454545454546 0.22775956284153007 0.054072727272727286 0.10404371584699457
1 0.37165454545454546 0.22775956284153007 0.054072727272727286 0.10404371584699457