0 0.44 0.42 0.06 0.12000000000000004
2 0.44 0.42 0.06 0.12000000000000004
0 0.125 0.415 0.11 0.22999999999999998
1 0.125 0.415 0.11 0.22999999999999998
0 0.58 0.42 0.04 0.10000000000000006
2 0.58 0.42 0.04 0.10000000000000006
1 0.58 0.42 0.04 0.10000000000000006
0 0.7 0.44999999999999996 0.04 0.09999999999999998
2 0.7 0.44999999999999996 0.04 0.09999999999999998
1 0.7 0.44999999999999996 0.04 0.09999999999999998
0 0.29 0.445 0.04 0.09
2 0.29 0.445 0.04 0.09
1 0.29 0.445 0.04 0.09
0 0.06 0.4 0.12 0.36
1 0.06 0.4 0.12 0.36
0 0.965 0.485 0.07 0.16999999999999998
2 0.965 0.485 0.07 0.16999999999999998
1 0.965 0.485 0.07 0.16999999999999998
0 0.91 0.39499999999999996 0.06 0.13000000000000003
2 0.91 0.39499999999999996 0.06 0.13000000000000003
1 0.91 0.39499999999999996 0.06 0.13000000000000003
0 0.82 0.44999999999999996 0.06 0.11999999999999997
2 0.82 0.44999999999999996 0.06 0.11999999999999997
1 0.82 0.44999999999999996 0.06 0.11999999999999997
0 0.645 0.41000000000000003 0.07 0.16
2 0.645 0.41000000000000003 0.07 0.16
0 0.525 0.42500000000000004 0.07 0.13000000000000003
2 0.525 0.42500000000000004 0.07 0.13000000000000003
0 0.385 0.415 0.07 0.15000000000000002
2 0.385 0.415 0.07 0.15000000000000002