0 0.7811406844106463 0.6420312499999999 0.03460076045627385 0.043750000000000025
1 0.7811406844106463 0.6420312499999999 0.03460076045627385 0.043750000000000025
0 0.965361216730038 0.6248437499999999 0.037262357414448714 0.043750000000000025
1 0.965361216730038 0.6248437499999999 0.037262357414448714 0.043750000000000025
0 0.8839923954372624 0.5972395833333333 0.031178707224334665 0.04270833333333335
1 0.8839923954372624 0.5972395833333333 0.031178707224334665 0.04270833333333335
0 0.23752851711026615 0.6444270833333332 0.03650190114068439 0.05104166666666665
1 0.23752851711026615 0.6444270833333332 0.03650190114068439 0.05104166666666665
0 0.51 0.65 0.03999999999999993 0.05999999999999998
1 0.51 0.65 0.03999999999999993 0.05999999999999998
0 0.57 0.585 0.019999999999999966 0.050000000000000044
1 0.57 0.585 0.019999999999999966 0.050000000000000044
0 0.38999999999999996 0.6649999999999999 0.020000000000000018 0.04999999999999997
1 0.38999999999999996 0.6649999999999999 0.020000000000000018 0.04999999999999997