0 0.5479810901001112 0.16301418439716311 0.0053503893214683 0.008865248226950354
1 0.5479810901001112 0.16301418439716311 0.0053503893214683 0.008865248226950354
0 0.8746941045606229 0.4951063829787234 0.02000000000000002 0.04
1 0.8746941045606229 0.4951063829787234 0.02000000000000002 0.04
0 0.34819799777530586 0.4169326241134752 0.013058954393770804 0.01826241134751775
0 0.32677975528364844 0.3981028368794326 0.01000000000000001 0.010177304964539023
0 0.4603781979977753 0.752863475177305 0.01563959955506118 0.024485815602836882
1 0.4603781979977753 0.752863475177305 0.01563959955506118 0.024485815602836882
0 0.43222469410456066 0.7063563829787234 0.017174638487208006 0.024485815602836882
1 0.43222469410456066 0.7063563829787234 0.017174638487208006 0.024485815602836882
0 0.3547886540600667 0.7037056737588652 0.013337041156840944 0.024078014184397135
0 0.16051724137931034 0.5564361702127659 0.013359288097886531 0.02021276595744677
2 0.16051724137931034 0.5564361702127659 0.013359288097886531 0.02021276595744677
1 0.16051724137931034 0.5564361702127659 0.013359288097886531 0.02021276595744677
0 0.2934983314794216 0.38907801418439714 0.014694104560622891 0.02198581560283684
1 0.2934983314794216 0.38907801418439714 0.014694104560622891 0.02198581560283684
0 0.45595105672969966 0.3186347517730496 0.009788654060066753 0.01879432624113474
2 0.45595105672969966 0.3186347517730496 0.009788654060066753 0.01879432624113474
1 0.45595105672969966 0.3186347517730496 0.009788654060066753 0.01879432624113474
0 0.6354783092324806 0.386613475177305 0.009777530589544024 0.01890070921985815
1 0.6354783092324806 0.386613475177305 0.009777530589544024 0.01890070921985815
0 0.7612291434927698 0.5286524822695035 0.009577308120133497 0.016134751773049585
1 0.7612291434927698 0.5286524822695035 0.009577308120133497 0.016134751773049585
0 0.9115350389321468 0.48565602836879423 0.008342602892102336 0.01223404255319155
1 0.9115350389321468 0.48565602836879423 0.008342602892102336 0.01223404255319155
0 0.4835761957730812 0.15406028368794325 0.0044605116796440384 0.005851063829787254
1 0.4835761957730812 0.15406028368794325 0.0044605116796440384 0.005851063829787254