0 0.28 0.15 0.02 0.059999999999999984
0 0.265 0.33999999999999997 0.03 0.059999999999999984
0 0.5 0.36 0.04 0.08
2 0.5 0.36 0.04 0.08
1 0.5 0.36 0.04 0.08
0 0.305 0.365 0.05 0.09
1 0.305 0.365 0.05 0.09
0 0.97 0.26 0.06 0.13999999999999999
1 0.97 0.26 0.06 0.13999999999999999
0 0.45 0.36 0.04 0.08
1 0.45 0.36 0.04 0.08
0 0.615 0.26999999999999996 0.07 0.12000000000000001
1 0.615 0.26999999999999996 0.07 0.12000000000000001
0 0.71 0.23 0.08 0.13999999999999999
1 0.71 0.23 0.08 0.13999999999999999
0 0.085 0.33 0.05 0.10000000000000002
1 0.085 0.33 0.05 0.10000000000000002
0 0.365 0.35 0.03 0.08000000000000004
1 0.365 0.35 0.03 0.08000000000000004
0 0.23 0.485 0.12 0.20999999999999996
1 0.23 0.485 0.12 0.20999999999999996
0 0.86 0.255 0.1 0.16999999999999998
1 0.86 0.255 0.1 0.16999999999999998