0 0.4569858156028369 0.38963687150837994 0.06581560283687944 0.10787709497206706
1 0.4569858156028369 0.38963687150837994 0.06581560283687944 0.10787709497206706
0 0.39999999999999997 0.36 0.08 0.14
1 0.39999999999999997 0.36 0.08 0.14
0 0.09999999999999998 0.305 0.05999999999999999 0.10999999999999999
2 0.09999999999999998 0.305 0.05999999999999999 0.10999999999999999
1 0.09999999999999998 0.305 0.05999999999999999 0.10999999999999999
0 0.615 0.36500000000000005 0.07000000000000003 0.12999999999999998
2 0.615 0.36500000000000005 0.07000000000000003 0.12999999999999998
1 0.615 0.36500000000000005 0.07000000000000003 0.12999999999999998
0 0.8200000000000001 0.38499999999999995 0.08 0.16999999999999996
1 0.8200000000000001 0.38499999999999995 0.08 0.16999999999999996
0 0.21774822695035462 0.30555865921787706 0.06656028368794327 0.1066480446927374
1 0.21774822695035462 0.30555865921787706 0.06656028368794327 0.1066480446927374
2 0.21774822695035462 0.30555865921787706 0.06656028368794327 0.1066480446927374