0 0.8600000000000001 0.36 0.1 0.2
1 0.8600000000000001 0.36 0.1 0.2
0 0.32 0.375 0.060000000000000005 0.13
1 0.32 0.375 0.060000000000000005 0.13
0 0.43000000000000005 0.36 0.12000000000000001 0.24
2 0.43000000000000005 0.36 0.12000000000000001 0.24
1 0.43000000000000005 0.36 0.12000000000000001 0.24
0 0.66 0.205 0.14 0.25
1 0.66 0.205 0.14 0.25
0 0.76 0.30499999999999994 0.060000000000000005 0.10999999999999997
0 0.18500000000000003 0.3449999999999999 0.09000000000000001 0.16999999999999996
2 0.18500000000000003 0.3449999999999999 0.09000000000000001 0.16999999999999996