0 0.165 0.20500000000000002 0.05 0.11
1 0.165 0.20500000000000002 0.05 0.11
0 0.29500000000000004 0.25 0.03000000000000001 0.08000000000000002
1 0.29500000000000004 0.25 0.03000000000000001 0.08000000000000002
0 0.38 0.32000000000000006 0.06000000000000002 0.12000000000000001
1 0.38 0.32000000000000006 0.06000000000000002 0.12000000000000001
0 0.125 0.25 0.05 0.10000000000000003
1 0.125 0.25 0.05 0.10000000000000003
2 0.125 0.25 0.05 0.10000000000000003
0 0.20500000000000002 0.24000000000000002 0.05 0.09999999999999999
1 0.20500000000000002 0.24000000000000002 0.05 0.09999999999999999