0 0.165 0.5349999999999999 0.07 0.13
0 0.29500000000000004 0.64 0.09000000000000001 0.17999999999999997
0 0.42000000000000004 0.48 0.04 0.07999999999999999
0 0.48500000000000004 0.48999999999999994 0.05 0.09999999999999998
0 0.07500000000000001 0.59 0.11 0.20000000000000004
0 0.48000000000000004 0.30499999999999994 0.04 0.06999999999999998
0 0.35000000000000003 0.42999999999999994 0.04 0.07999999999999999
0 0.9550000000000001 0.6649999999999999 0.09000000000000001 0.26999999999999996
0 0.54 0.505 0.060000000000000005 0.13
0 0.755 0.6549999999999999 0.09000000000000001 0.16999999999999993
0 0.7200000000000001 0.5 0.08 0.15999999999999998