0 0.476509090909091 0.7220765027322403 0.030545454545454567 0.04644808743169391
1 0.476509090909091 0.7220765027322403 0.030545454545454567 0.04644808743169391
0 0.8384909090909091 0.6505464480874317 0.02563636363636368 0.04306010928961746
1 0.8384909090909091 0.6505464480874317 0.02563636363636368 0.04306010928961746
0 0.8128545454545455 0.7853551912568306 0.04374545454545455 0.049836065573770516
1 0.8128545454545455 0.7853551912568306 0.04374545454545455 0.049836065573770516
0 0.6045454545454545 0.6295628415300547 0.02799999999999996 0.03770491803278684
1 0.6045454545454545 0.6295628415300547 0.02799999999999996 0.03770491803278684
0 0.5312727272727273 0.6210928961748634 0.02690909090909093 0.03278688524590164
1 0.5312727272727273 0.6210928961748634 0.02690909090909093 0.03278688524590164
0 0.46298181818181816 0.5386338797814207 0.016145454545454536 0.019016393442622972
0 0.3614181818181818 0.6252459016393442 0.02218181818181816 0.030601092896174832
1 0.3614181818181818 0.6252459016393442 0.02218181818181816 0.030601092896174832
0 0.30054545454545456 0.6974590163934427 0.022400000000000038 0.03491803278688533
1 0.30054545454545456 0.6974590163934427 0.022400000000000038 0.03491803278688533
0 0.048036363636363634 0.6628688524590164 0.023199999999999995 0.03426229508196719
1 0.048036363636363634 0.6628688524590164 0.023199999999999995 0.03426229508196719
0 0.71 0.605 0.02 0.05000000000000003
1 0.71 0.605 0.02 0.05000000000000003
0 0.5 0.53 0.02 0.04000000000000004
0 0.945 0.635 0.03 0.05000000000000003
1 0.945 0.635 0.03 0.05000000000000003