0 0.49000000000000005 0.095 0.04 0.09
1 0.49000000000000005 0.095 0.04 0.09
0 0.44 0.275 0.04 0.06999999999999998
1 0.44 0.275 0.04 0.06999999999999998
0 0.7367333333333334 0.51125 0.06566666666666673 0.1345238095238095
1 0.7367333333333334 0.51125 0.06566666666666673 0.1345238095238095
0 0.6904666666666667 0.36610119047619044 0.04840000000000004 0.11005952380952382
1 0.6904666666666667 0.36610119047619044 0.04840000000000004 0.11005952380952382
0 0.6815500000000001 0.2113095238095238 0.04436666666666668 0.10285714285714286
1 0.6815500000000001 0.2113095238095238 0.04436666666666668 0.10285714285714286
0 0.659 0.13845238095238094 0.031199999999999953 0.06714285714285713
1 0.659 0.13845238095238094 0.031199999999999953 0.06714285714285713
0 0.5748 0.21619047619047618 0.032666666666666705 0.0886904761904762
1 0.5748 0.21619047619047618 0.032666666666666705 0.0886904761904762
0 0.3747666666666667 0.4443452380952381 0.04519999999999996 0.11714285714285709
1 0.3747666666666667 0.4443452380952381 0.04519999999999996 0.11714285714285709
0 0.2969666666666667 0.3372023809523809 0.04400000000000001 0.09999999999999998
1 0.2969666666666667 0.3372023809523809 0.04400000000000001 0.09999999999999998