0 0.7799999999999999 0.25 0.10000000000000002 0.17999999999999997
1 0.7799999999999999 0.25 0.10000000000000002 0.17999999999999997
0 0.465 0.39499999999999996 0.09000000000000001 0.17
1 0.465 0.39499999999999996 0.09000000000000001 0.17
2 0.465 0.39499999999999996 0.09000000000000001 0.17
0 0.6280501930501932 0.275 0.08389961389961387 0.15000000000000005
1 0.6280501930501932 0.275 0.08389961389961387 0.15000000000000005
0 0.22654440154440153 0.1688659793814433 0.10142857142857144 0.13216494845360824
1 0.22654440154440153 0.1688659793814433 0.10142857142857144 0.13216494845360824
0 0.49 0.645 0.16 0.25
0 0.4673745173745174 0.18577319587628865 0.07289575289575294 0.11103092783505156
1 0.4673745173745174 0.18577319587628865 0.07289575289575294 0.11103092783505156
0 0.3495559845559846 0.3440979381443299 0.08081081081081085 0.12314432989690721
1 0.3495559845559846 0.3440979381443299 0.08081081081081085 0.12314432989690721