0 0.08499999999999999 0.43 0.049999999999999996 0.07999999999999999
1 0.08499999999999999 0.43 0.049999999999999996 0.07999999999999999
0 0.33999999999999997 0.47500000000000003 0.03999999999999997 0.07000000000000005
2 0.33999999999999997 0.47500000000000003 0.03999999999999997 0.07000000000000005
1 0.33999999999999997 0.47500000000000003 0.03999999999999997 0.07000000000000005
0 0.7849999999999999 0.18000000000000002 0.08999999999999998 0.16000000000000003
1 0.7849999999999999 0.18000000000000002 0.08999999999999998 0.16000000000000003
0 0.13999999999999999 0.47000000000000003 0.04 0.07999999999999999
1 0.13999999999999999 0.47000000000000003 0.04 0.07999999999999999
0 0.6576642335766423 0.6214673913043478 0.022627737226277433 0.0304347826086957
1 0.6576642335766423 0.6214673913043478 0.022627737226277433 0.0304347826086957
2 0.6576642335766423 0.6214673913043478 0.022627737226277433 0.0304347826086957
0 0.57 0.5499999999999999 0.019999999999999962 0.039999999999999994
1 0.57 0.5499999999999999 0.019999999999999962 0.039999999999999994