0 0.21500000000000002 0.7649999999999999 0.01 0.02999999999999995
0 0.905 0.835 0.030000000000000002 0.03000000000000012
0 0.35500000000000004 0.8649999999999999 0.01 0.02999999999999995
1 0.35500000000000004 0.8649999999999999 0.01 0.02999999999999995
0 0.9504833333333333 0.8813690476190476 0.017766666666666615 0.033452380952380976
1 0.9504833333333333 0.8813690476190476 0.017766666666666615 0.033452380952380976
0 0.8736333333333335 0.7338690476190475 0.012666666666666705 0.021428571428571477
0 0.7071000000000001 0.8999999999999999 0.013333333333333334 0.030357142857142822
0 0.6048833333333333 0.7300892857142857 0.01056666666666672 0.020535714285714216
0 0.5273 0.7228571428571428 0.012000000000000077 0.019047619047619063
0 0.12043333333333332 0.837142857142857 0.01159999999999999 0.025714285714285842
0 0.10773333333333335 0.6841666666666666 0.012333333333333344 0.02202380952380954
1 0.10773333333333335 0.6841666666666666 0.012333333333333344 0.02202380952380954
0 0.20506666666666667 0.6639285714285713 0.009666666666666662 0.019642857142857125
0 0.5785000000000001 0.7274999999999999 0.011666666666666667 0.018452380952380918