0 0.42000000000000004 0.38000000000000006 0.059999999999999984 0.12000000000000001
1 0.42000000000000004 0.38000000000000006 0.059999999999999984 0.12000000000000001
2 0.42000000000000004 0.38000000000000006 0.059999999999999984 0.12000000000000001
0 0.185 0.38500000000000006 0.05000000000000001 0.09000000000000002
1 0.185 0.38500000000000006 0.05000000000000001 0.09000000000000002
0 0.5349999999999999 0.425 0.05000000000000006 0.11000000000000007
2 0.5349999999999999 0.425 0.05000000000000006 0.11000000000000007
1 0.5349999999999999 0.425 0.05000000000000006 0.11000000000000007
0 0.10500000000000001 0.39 0.11 0.22000000000000003
2 0.10500000000000001 0.39 0.11 0.22000000000000003
1 0.10500000000000001 0.39 0.11 0.22000000000000003
0 0.22917562724014337 0.4126111111111112 0.060000000000000005 0.10999999999999999
1 0.22917562724014337 0.4126111111111112 0.060000000000000005 0.10999999999999999
0 0.765 0.48000000000000004 0.09000000000000005 0.17999999999999997
1 0.765 0.48000000000000004 0.09000000000000005 0.17999999999999997
0 0.29500000000000004 0.38000000000000006 0.029999999999999964 0.07999999999999996
1 0.29500000000000004 0.38000000000000006 0.029999999999999964 0.07999999999999996
0 0.6280645161290324 0.454 0.024014336917562783 0.03555555555555559