0 0.16500000000000004 0.48 0.09 0.08000000000000006
2 0.16500000000000004 0.48 0.09 0.08000000000000006
1 0.16500000000000004 0.48 0.09 0.08000000000000006
0 0.62 0.45 0.09999999999999995 0.08
1 0.62 0.45 0.09999999999999995 0.08
0 0.8399999999999999 0.45 0.12000000000000001 0.10000000000000002
1 0.8399999999999999 0.45 0.12000000000000001 0.10000000000000002
0 0.62 0.30000000000000004 0.09999999999999995 0.08
2 0.62 0.30000000000000004 0.09999999999999995 0.08
1 0.62 0.30000000000000004 0.09999999999999995 0.08
0 0.7149999999999999 0.27499999999999997 0.09000000000000004 0.07000000000000003
1 0.7149999999999999 0.27499999999999997 0.09000000000000004 0.07000000000000003