0 0.8349999999999999 0.41000000000000003 0.04999999999999997 0.07999999999999996
1 0.8349999999999999 0.41000000000000003 0.04999999999999997 0.07999999999999996
2 0.8349999999999999 0.41000000000000003 0.04999999999999997 0.07999999999999996
0 0.775 0.355 0.029999999999999923 0.06999999999999999
0 0.88 0.415 0.05999999999999999 0.11
0 0.53 0.41000000000000003 0.039999999999999945 0.10000000000000003
1 0.53 0.41000000000000003 0.039999999999999945 0.10000000000000003
2 0.53 0.41000000000000003 0.039999999999999945 0.10000000000000003
0 0.13999999999999999 0.39 0.05999999999999999 0.10000000000000003
0 0.38 0.38 0.05999999999999999 0.12000000000000002
2 0.38 0.38 0.05999999999999999 0.12000000000000002
0 0.74 0.38499999999999995 0.04000000000000009 0.09000000000000002
1 0.74 0.38499999999999995 0.04000000000000009 0.09000000000000002
2 0.74 0.38499999999999995 0.04000000000000009 0.09000000000000002
0 0.7099999999999999 0.38 0.039999999999999945 0.09999999999999999
1 0.7099999999999999 0.38 0.039999999999999945 0.09999999999999999
2 0.7099999999999999 0.38 0.039999999999999945 0.09999999999999999
0 0.59 0.39499999999999996 0.05999999999999999 0.11
1 0.59 0.39499999999999996 0.05999999999999999 0.11
0 0.9879692011549567 0.37066025067144137 0.023798524222008434 0.07501790510295435
1 0.9879692011549567 0.37066025067144137 0.023798524222008434 0.07501790510295435
2 0.9879692011549567 0.37066025067144137 0.023798524222008434 0.07501790510295435