0 0.4799999999999999 0.235 0.11999999999999998 0.30999999999999994
1 0.4799999999999999 0.235 0.11999999999999998 0.30999999999999994
0 0.625 0.215 0.17000000000000007 0.37
1 0.625 0.215 0.17000000000000007 0.37
0 0.31499999999999995 0.255 0.09000000000000001 0.21
1 0.31499999999999995 0.255 0.09000000000000001 0.21
0 0.8049999999999999 0.305 0.16999999999999998 0.37
0 0.255 0.255 0.09000000000000001 0.22999999999999998
1 0.255 0.255 0.09000000000000001 0.22999999999999998
0 0.39499999999999996 0.25499999999999995 0.10999999999999999 0.26999999999999996
1 0.39499999999999996 0.25499999999999995 0.10999999999999999 0.26999999999999996
0 0.185 0.255 0.06999999999999998 0.15000000000000002
0 0.08 0.065 0.05999999999999999 0.13
1 0.08 0.065 0.05999999999999999 0.13