0 0.605 0.33999999999999997 0.07 0.14
1 0.605 0.33999999999999997 0.07 0.14
0 0.34 0.335 0.06 0.13000000000000003
1 0.34 0.335 0.06 0.13000000000000003
0 0.44 0.28500000000000003 0.06 0.13
1 0.44 0.28500000000000003 0.06 0.13
0 0.1 0.55 0.14 0.27999999999999997
0 0.255 0.315 0.03 0.04999999999999999
0 0.68 0.305 0.06 0.10999999999999997
1 0.68 0.305 0.06 0.10999999999999997
0 0.5 0.33999999999999997 0.06 0.12000000000000001
1 0.5 0.33999999999999997 0.06 0.12000000000000001
0 0.875 0.33 0.07 0.12000000000000004
1 0.875 0.33 0.07 0.12000000000000004