0 0.32746666666666674 0.5348809523809523 0.032333333333333346 0.06964285714285708
1 0.32746666666666674 0.5348809523809523 0.032333333333333346 0.06964285714285708
0 0.042633333333333336 0.5208333333333333 0.02033333333333333 0.031547619047619116
1 0.042633333333333336 0.5208333333333333 0.02033333333333333 0.031547619047619116
0 0.014466666666666668 0.5407738095238095 0.024 0.034523809523809505
1 0.014466666666666668 0.5407738095238095 0.024 0.034523809523809505
0 0.0978 0.5358630952380953 0.020666666666666667 0.0419642857142857
1 0.0978 0.5358630952380953 0.020666666666666667 0.0419642857142857
0 0.2022 0.5360119047619047 0.014933333333333325 0.023214285714285746
1 0.2022 0.5360119047619047 0.014933333333333325 0.023214285714285746
0 0.46 0.555 0.04 0.07000000000000002
1 0.46 0.555 0.04 0.07000000000000002
0 0.51 0.5449999999999999 0.060000000000000005 0.11000000000000001
1 0.51 0.5449999999999999 0.060000000000000005 0.11000000000000001