0 0.7684218749999999 0.3142099567099568 0.010000000000000023 0.029999999999999968
0 0.14074739583333334 0.15395021645021645 0.009515624999999991 0.02000000000000002
0 0.11957291666666665 0.1378030303030303 0.010000000000000009 0.01999999999999999
1 0.11957291666666665 0.1378030303030303 0.010000000000000009 0.01999999999999999
0 0.16157812500000002 0.15946969696969698 0.009999999999999993 0.01999999999999999
1 0.16157812500000002 0.15946969696969698 0.009999999999999993 0.01999999999999999
0 0.06556250000000001 0.3144047619047619 0.13 0.43000000000000005
1 0.06556250000000001 0.3144047619047619 0.13 0.43000000000000005
2 0.06556250000000001 0.3144047619047619 0.13 0.43000000000000005
0 0.54 0.375 0.16000000000000003 0.35
2 0.54 0.375 0.16000000000000003 0.35
1 0.54 0.375 0.16000000000000003 0.35
0 0.18913020833333333 0.2159469696969697 0.0048437499999999765 0.013127705627705624
1 0.18913020833333333 0.2159469696969697 0.0048437499999999765 0.013127705627705624
0 0.7787109375 0.32006493506493505 0.006484374999999905 0.019783549783549754
1 0.7787109375 0.32006493506493505 0.006484374999999905 0.019783549783549754
0 0.06380208333333333 0.11663419913419915 0.010416666666666666 0.020714285714285716