0 0.39020000000000005 0.5408928571428572 0.0174666666666667 0.027500000000000024
1 0.39020000000000005 0.5408928571428572 0.0174666666666667 0.027500000000000024
0 0.65 0.8799999999999998 0.060000000000000005 0.11999999999999997
1 0.65 0.8799999999999998 0.060000000000000005 0.11999999999999997
0 0.505 0.8 0.05 0.10000000000000006
1 0.505 0.8 0.05 0.10000000000000006
0 0.305 0.7299999999999999 0.05 0.09999999999999998
1 0.305 0.7299999999999999 0.05 0.09999999999999998
0 0.265 0.8099999999999998 0.05 0.0999999999999999
1 0.265 0.8099999999999998 0.05 0.0999999999999999
0 0.085 0.8649999999999999 0.05 0.10999999999999993
1 0.085 0.8649999999999999 0.05 0.10999999999999993
0 0.5960333333333334 0.47184523809523804 0.02473333333333339 0.03630952380952377
1 0.5960333333333334 0.47184523809523804 0.02473333333333339 0.03630952380952377
0 0.1195 0.5684523809523809 0.02133333333333333 0.041666666666666664
1 0.1195 0.5684523809523809 0.02133333333333333 0.041666666666666664
0 0.17733333333333334 0.5847916666666667 0.025 0.04113095238095236
1 0.17733333333333334 0.5847916666666667 0.025 0.04113095238095236
0 0.5001500000000001 0.48104166666666665 0.022366666666666694 0.033511904761904736
1 0.5001500000000001 0.48104166666666665 0.022366666666666694 0.033511904761904736
0 0.19 0.5 0.02 0.039999999999999994
0 0.63 0.43000000000000005 0.060000000000000005 0.09999999999999998
0 0.41500000000000004 0.755 0.05 0.09000000000000002
1 0.41500000000000004 0.755 0.05 0.09000000000000002
0 0.17500000000000002 0.885 0.05 0.10999999999999993
2 0.17500000000000002 0.885 0.05 0.10999999999999993
1 0.17500000000000002 0.885 0.05 0.10999999999999993