0 0.50445 0.5831166666666667 0.011233333333333349 0.018999999999999965
1 0.50445 0.5831166666666667 0.011233333333333349 0.018999999999999965
0 0.38 0.305 0.08 0.15000000000000002
1 0.38 0.305 0.08 0.15000000000000002
0 0.915 0.5800000000000001 0.01 0.02
0 0.7939111111111111 0.5517166666666666 0.012222222222222223 0.012766666666666709
1 0.7939111111111111 0.5517166666666666 0.012222222222222223 0.012766666666666709
2 0.7939111111111111 0.5517166666666666 0.012222222222222223 0.012766666666666709
0 0.47700555555555557 0.5496166666666666 0.010122222222222237 0.01933333333333328
1 0.47700555555555557 0.5496166666666666 0.010122222222222237 0.01933333333333328
0 0.6867722222222222 0.5548583333333333 0.011144444444444413 0.014549999999999936
1 0.6867722222222222 0.5548583333333333 0.011144444444444413 0.014549999999999936