0 0.48999999999999994 0.6399999999999999 0.019999999999999966 0.039999999999999994
0 0.195 0.83 0.029999999999999995 0.0599999999999999
0 0.32806020066889635 0.5848809523809523 0.021270903010033444 0.04642857142857141
1 0.32806020066889635 0.5848809523809523 0.021270903010033444 0.04642857142857141
0 0.5893311036789297 0.24479166666666666 0.01371237458193978 0.026249999999999978
0 0.1359866220735786 0.6945833333333333 0.019397993311036803 0.04702380952380956
0 0.3576254180602007 0.30660714285714286 0.025418060200668925 0.04047619047619046
1 0.3576254180602007 0.30660714285714286 0.025418060200668925 0.04047619047619046
0 0.3859866220735786 0.7312202380952381 0.02040133779264212 0.03755952380952382
1 0.3859866220735786 0.7312202380952381 0.02040133779264212 0.03755952380952382
0 0.31234113712374584 0.6278571428571429 0.026421404682274267 0.048214285714285675
1 0.31234113712374584 0.6278571428571429 0.026421404682274267 0.048214285714285675
0 0.8189464882943144 0.5221428571428571 0.013745819397993261 0.022619047619047684
1 0.8189464882943144 0.5221428571428571 0.013745819397993261 0.022619047619047684