0 0.8799636363636364 0.3674863387978142 0.02101818181818182 0.03989071038251368
1 0.8799636363636364 0.3674863387978142 0.02101818181818182 0.03989071038251368
0 0.8501454545454545 0.36956284153005464 0.022909090909090952 0.03770491803278684
0 0.63 0.565 0.04 0.09
1 0.63 0.565 0.04 0.09
0 0.875 0.59 0.05 0.10000000000000006
1 0.875 0.59 0.05 0.10000000000000006
2 0.875 0.59 0.05 0.10000000000000006
0 0.7 0.5 0.04 0.07999999999999993
1 0.7 0.5 0.04 0.07999999999999993
0 0.56 0.605 0.04 0.07
1 0.56 0.605 0.04 0.07
0 0.7550909090909091 0.595 0.04683636363636362 0.0789617486338798
1 0.7550909090909091 0.595 0.04683636363636362 0.0789617486338798
0 0.4809454545454545 0.6107377049180327 0.044363636363636424 0.07163934426229508
1 0.4809454545454545 0.6107377049180327 0.044363636363636424 0.07163934426229508
0 0.33738181818181817 0.5559836065573771 0.03709090909090905 0.05961748633879779
1 0.33738181818181817 0.5559836065573771 0.03709090909090905 0.05961748633879779
0 0.27858181818181815 0.6678688524590164 0.04072727272727269 0.07322404371584695
1 0.27858181818181815 0.6678688524590164 0.04072727272727269 0.07322404371584695
0 0.09998181818181817 0.5785245901639344 0.03850909090909091 0.06065573770491808
1 0.09998181818181817 0.5785245901639344 0.03850909090909091 0.06065573770491808
0 0.11870909090909089 0.5325956284153006 0.042581818181818186 0.07262295081967217
1 0.11870909090909089 0.5325956284153006 0.042581818181818186 0.07262295081967217
0 0.4844727272727272 0.37103825136612023 0.02407272727272729 0.045245901639344305
1 0.4844727272727272 0.37103825136612023 0.02407272727272729 0.045245901639344305
0 0.5379272727272727 0.37005464480874317 0.02276363636363633 0.04065573770491802
1 0.5379272727272727 0.37005464480874317 0.02276363636363633 0.04065573770491802