0 0.37000000000000005 0.4399999999999999 0.060000000000000005 0.09999999999999998
1 0.37000000000000005 0.4399999999999999 0.060000000000000005 0.09999999999999998
0 0.18500000000000003 0.5599999999999999 0.07 0.11999999999999997
1 0.18500000000000003 0.5599999999999999 0.07 0.11999999999999997
0 0.51 0.51 0.04 0.08000000000000007
0 0.43000000000000005 0.3999999999999999 0.060000000000000005 0.09999999999999998
0 0.275 0.19 0.05 0.1
1 0.275 0.19 0.05 0.1
0 0.47000000000000003 0.345 0.060000000000000005 0.11000000000000001
1 0.47000000000000003 0.345 0.060000000000000005 0.11000000000000001
0 0.039200000000000006 0.4611904761904761 0.05000000000000001 0.09047619047619049
1 0.039200000000000006 0.4611904761904761 0.05000000000000001 0.09047619047619049