0 0.36 0.69 0.11999999999999998 0.11999999999999998
1 0.36 0.69 0.11999999999999998 0.11999999999999998
0 0.445 0.595 0.09000000000000001 0.11000000000000003
1 0.445 0.595 0.09000000000000001 0.11000000000000003
0 0.17 0.43499999999999994 0.060000000000000005 0.07
1 0.17 0.43499999999999994 0.060000000000000005 0.07
0 0.6900000000000001 0.6199999999999999 0.12000000000000001 0.11999999999999998
1 0.6900000000000001 0.6199999999999999 0.12000000000000001 0.11999999999999998
0 0.16 0.76 0.12 0.09999999999999995
1 0.16 0.76 0.12 0.09999999999999995
0 0.89 0.6749999999999999 0.12000000000000001 0.13
1 0.89 0.6749999999999999 0.12000000000000001 0.13
0 0.2980046948356807 0.4205696202531645 0.05046948356807508 0.05143459915611813
1 0.2980046948356807 0.4205696202531645 0.05046948356807508 0.05143459915611813
0 0.8832394366197183 0.3115822784810126 0.04769953051643191 0.037341772151898704
1 0.8832394366197183 0.3115822784810126 0.04769953051643191 0.037341772151898704
0 0.7329577464788732 0.3738607594936708 0.052300469483568014 0.04105485232067512
1 0.7329577464788732 0.3738607594936708 0.052300469483568014 0.04105485232067512
0 0.48500000000000004 0.235 0.04999999999999996 0.049999999999999975
0 0.6393896713615024 0.39080168776371305 0.0416901408450704 0.03966244725738393
1 0.6393896713615024 0.39080168776371305 0.0416901408450704 0.03966244725738393
0 0.33906103286384975 0.19687763713080167 0.031079812206572792 0.03957805907172997
1 0.33906103286384975 0.19687763713080167 0.031079812206572792 0.03957805907172997
0 0.04286384976525821 0.415 0.05765258215962441 0.04443037974683545
1 0.04286384976525821 0.415 0.05765258215962441 0.04443037974683545