0 0.15285714285714286 0.2688858695652174 0.016483516483516484 0.02603260869565217
0 0.6849999999999999 0.11000000000000001 0.050000000000000024 0.1
1 0.6849999999999999 0.11000000000000001 0.050000000000000024 0.1
0 0.825 0.085 0.08999999999999997 0.17
2 0.825 0.085 0.08999999999999997 0.17
1 0.825 0.085 0.08999999999999997 0.17
0 0.28500000000000003 0.11499999999999999 0.06999999999999999 0.15
2 0.28500000000000003 0.11499999999999999 0.06999999999999999 0.15
1 0.28500000000000003 0.11499999999999999 0.06999999999999999 0.15
0 0.4961538461538461 0.15054347826086956 0.020146520146520148 0.029347826086956512
2 0.4961538461538461 0.15054347826086956 0.020146520146520148 0.029347826086956512
1 0.4961538461538461 0.15054347826086956 0.020146520146520148 0.029347826086956512
0 0.2108058608058608 0.3535326086956522 0.026739926739926756 0.04510869565217394
2 0.2108058608058608 0.3535326086956522 0.026739926739926756 0.04510869565217394
1 0.2108058608058608 0.3535326086956522 0.026739926739926756 0.04510869565217394
0 0.03082417582417582 0.19195652173913044 0.023260073260073257 0.035217391304347846
2 0.03082417582417582 0.19195652173913044 0.023260073260073257 0.035217391304347846
1 0.03082417582417582 0.19195652173913044 0.023260073260073257 0.035217391304347846