0 0.7208333333333333 0.36413690476190474 0.04566666666666663 0.08244047619047615
1 0.7208333333333333 0.36413690476190474 0.04566666666666663 0.08244047619047615
2 0.7208333333333333 0.36413690476190474 0.04566666666666663 0.08244047619047615
0 0.49000000000000005 0.32999999999999996 0.060000000000000005 0.11999999999999997
0 0.6050000000000001 0.33499999999999996 0.05 0.09000000000000002
2 0.6050000000000001 0.33499999999999996 0.05 0.09000000000000002
0 0.78 0.33499999999999996 0.060000000000000005 0.10999999999999997
1 0.78 0.33499999999999996 0.060000000000000005 0.10999999999999997
0 0.5215 0.13273809523809524 0.043000000000000024 0.10476190476190476
1 0.5215 0.13273809523809524 0.043000000000000024 0.10476190476190476
2 0.5215 0.13273809523809524 0.043000000000000024 0.10476190476190476