0 0.23500000000000004 0.43 0.23000000000000004 0.43999999999999995
1 0.23500000000000004 0.43 0.23000000000000004 0.43999999999999995
0 0.8600000000000001 0.07 0.08 0.14
0 0.685 0.06499999999999999 0.030000000000000037 0.09
0 0.5950000000000001 0.06499999999999999 0.030000000000000037 0.049999999999999996
0 0.27499999999999997 0.06 0.029999999999999985 0.060000000000000005
0 0.65 0.06 0.04000000000000005 0.08
0 0.75 0.09499999999999999 0.020000000000000025 0.04999999999999999
0 0.695 0.205 0.04999999999999996 0.09
0 0.555 0.04 0.029999999999999936 0.060000000000000005
0 0.555 0.08499999999999999 0.029999999999999936 0.049999999999999996