0 0.485 0.9350000000000002 0.09000000000000002 0.13
1 0.485 0.9350000000000002 0.09000000000000002 0.13
0 0.8480685920577619 0.9167582417582418 0.11613718411552343 0.16648351648351656
1 0.8480685920577619 0.9167582417582418 0.11613718411552343 0.16648351648351656
0 0.7146209386281588 0.5732967032967033 0.07906137184115526 0.16659340659340657
1 0.7146209386281588 0.5732967032967033 0.07906137184115526 0.16659340659340657
0 0.61 0.616978021978022 0.0800000000000001 0.14604395604395604
1 0.61 0.616978021978022 0.0800000000000001 0.14604395604395604
2 0.61 0.616978021978022 0.0800000000000001 0.14604395604395604
0 0.615 0.915 0.09000000000000002 0.17
1 0.615 0.915 0.09000000000000002 0.17
0 0.16 0.95 0.10000000000000002 0.12000000000000002
1 0.16 0.95 0.10000000000000002 0.12000000000000002