0 0.585 0.36 0.05 0.10000000000000002
1 0.585 0.36 0.05 0.10000000000000002
0 0.785 0.36 0.03 0.06000000000000002
1 0.785 0.36 0.03 0.06000000000000002
0 0.485 0.375 0.05 0.10999999999999997
2 0.485 0.375 0.05 0.10999999999999997
0 0.535 0.33999999999999997 0.07 0.14
2 0.535 0.33999999999999997 0.07 0.14
1 0.535 0.33999999999999997 0.07 0.14
0 0.705 0.3500000000000001 0.03 0.06000000000000002
1 0.705 0.3500000000000001 0.03 0.06000000000000002
0 0.295 0.39 0.05 0.09999999999999998
1 0.295 0.39 0.05 0.09999999999999998
0 0.11 0.405 0.06 0.11000000000000006
1 0.11 0.405 0.06 0.11000000000000006
0 0.355 0.36 0.05 0.10000000000000002
1 0.355 0.36 0.05 0.10000000000000002
2 0.355 0.36 0.05 0.10000000000000002
0 0.4 0.34500000000000003 0.06 0.11000000000000001
1 0.4 0.34500000000000003 0.06 0.11000000000000001
0 0.635 0.35 0.05 0.08000000000000004
1 0.635 0.35 0.05 0.08000000000000004