0 0.9550000000000001 0.36 0.09000000000000001 0.26
1 0.9550000000000001 0.36 0.09000000000000001 0.26
2 0.9550000000000001 0.36 0.09000000000000001 0.26
0 0.0846830985915493 0.25943820224719105 0.1693661971830986 0.321123595505618
2 0.0846830985915493 0.25943820224719105 0.1693661971830986 0.321123595505618
1 0.0846830985915493 0.25943820224719105 0.1693661971830986 0.321123595505618
0 0.4316549295774648 0.42247191011235957 0.12330985915492956 0.24943820224719104
2 0.4316549295774648 0.42247191011235957 0.12330985915492956 0.24943820224719104
1 0.4316549295774648 0.42247191011235957 0.12330985915492956 0.24943820224719104
0 0.6411971830985916 0.35842696629213483 0.09647887323943664 0.2247191011235955
2 0.6411971830985916 0.35842696629213483 0.09647887323943664 0.2247191011235955
1 0.6411971830985916 0.35842696629213483 0.09647887323943664 0.2247191011235955
0 0.7545774647887324 0.3289325842696629 0.1795774647887324 0.30955056179775275
1 0.7545774647887324 0.3289325842696629 0.1795774647887324 0.30955056179775275
2 0.7545774647887324 0.3289325842696629 0.1795774647887324 0.30955056179775275