0 0.37000000000000005 0.36999999999999994 0.04 0.07999999999999999
1 0.37000000000000005 0.36999999999999994 0.04 0.07999999999999999
0 0.525 0.3910119047619047 0.030000000000000002 0.06202380952380957
0 0.255 0.2955952380952381 0.05 0.11119047619047619
1 0.255 0.2955952380952381 0.05 0.11119047619047619
0 0.5253166666666667 0.48363095238095233 0.06470000000000009 0.11726190476190469
1 0.5253166666666667 0.48363095238095233 0.06470000000000009 0.11726190476190469
2 0.5253166666666667 0.48363095238095233 0.06470000000000009 0.11726190476190469
0 0.8433333333333334 0.33928571428571425 0.0846666666666666 0.1369047619047619
1 0.8433333333333334 0.33928571428571425 0.0846666666666666 0.1369047619047619
2 0.8433333333333334 0.33928571428571425 0.0846666666666666 0.1369047619047619
0 0.445 0.38499999999999995 0.030000000000000002 0.04999999999999999