0 0.7625000000000001 0.39255952380952375 0.05433333333333337 0.11488095238095236
0 0.5071666666666667 0.5892857142857143 0.06300000000000003 0.13095238095238093
2 0.5071666666666667 0.5892857142857143 0.06300000000000003 0.13095238095238093
1 0.5071666666666667 0.5892857142857143 0.06300000000000003 0.13095238095238093
0 0.37633333333333335 0.40889880952380947 0.03799999999999997 0.06541666666666664
2 0.37633333333333335 0.40889880952380947 0.03799999999999997 0.06541666666666664
1 0.37633333333333335 0.40889880952380947 0.03799999999999997 0.06541666666666664
0 0.4489666666666667 0.46574404761904764 0.05313333333333333 0.13041666666666665
2 0.4489666666666667 0.46574404761904764 0.05313333333333333 0.13041666666666665
1 0.4489666666666667 0.46574404761904764 0.05313333333333333 0.13041666666666665
0 0.8646666666666667 0.4630952380952381 0.05266666666666671 0.10833333333333335
0 0.35000000000000003 0.1 0.02 0.04
0 0.24000000000000002 0.21499999999999997 0.04 0.09
1 0.24000000000000002 0.21499999999999997 0.04 0.09
0 0.28500000000000003 0.2 0.05 0.1
1 0.28500000000000003 0.2 0.05 0.1
0 0.44 0.175 0.04 0.09
1 0.44 0.175 0.04 0.09
0 0.56 0.44999999999999996 0.04 0.09999999999999998
1 0.56 0.44999999999999996 0.04 0.09999999999999998