0 0.6399999999999999 0.27499999999999997 0.05999999999999995 0.12999999999999998
2 0.6399999999999999 0.27499999999999997 0.05999999999999995 0.12999999999999998
0 0.5249999999999999 0.30499999999999994 0.06999999999999994 0.12999999999999998
1 0.5249999999999999 0.30499999999999994 0.06999999999999994 0.12999999999999998
2 0.5249999999999999 0.30499999999999994 0.06999999999999994 0.12999999999999998
0 0.15 0.285 0.07999999999999999 0.14999999999999994
1 0.15 0.285 0.07999999999999999 0.14999999999999994
2 0.15 0.285 0.07999999999999999 0.14999999999999994
0 0.8849999999999999 0.32 0.06999999999999994 0.14000000000000004
1 0.8849999999999999 0.32 0.06999999999999994 0.14000000000000004
2 0.8849999999999999 0.32 0.06999999999999994 0.14000000000000004
0 0.27999999999999997 0.29999999999999993 0.06 0.11999999999999994
2 0.27999999999999997 0.29999999999999993 0.06 0.11999999999999994
0 0.76 0.29500000000000004 0.05999999999999995 0.11
2 0.76 0.29500000000000004 0.05999999999999995 0.11
0 0.41 0.27999999999999997 0.06 0.11999999999999998
1 0.41 0.27999999999999997 0.06 0.11999999999999998
2 0.41 0.27999999999999997 0.06 0.11999999999999998
0 0.7899999999999999 0.375 0.06000000000000005 0.10999999999999996