0 0.825 0.19 0.030000000000000117 0.07999999999999999
1 0.825 0.19 0.030000000000000117 0.07999999999999999
0 0.40499999999999997 0.225 0.030000000000000044 0.06999999999999999
2 0.40499999999999997 0.225 0.030000000000000044 0.06999999999999999
1 0.40499999999999997 0.225 0.030000000000000044 0.06999999999999999
0 0.45 0.4 0.040000000000000056 0.08000000000000004
1 0.45 0.4 0.040000000000000056 0.08000000000000004
0 0.5299999999999999 0.45 0.03999999999999999 0.08000000000000004
1 0.5299999999999999 0.45 0.03999999999999999 0.08000000000000004
0 0.7050000000000001 0.23500000000000001 0.02999999999999997 0.07000000000000002
1 0.7050000000000001 0.23500000000000001 0.02999999999999997 0.07000000000000002
0 0.25 0.24000000000000002 0.03999999999999999 0.07999999999999999
1 0.25 0.24000000000000002 0.03999999999999999 0.07999999999999999
2 0.25 0.24000000000000002 0.03999999999999999 0.07999999999999999