0 0.63 0.18000000000000002 0.2 0.33999999999999997
1 0.63 0.18000000000000002 0.2 0.33999999999999997
0 0.37580769230769234 0.2376096997690531 0.02893846153846154 0.0545727482678984
1 0.37580769230769234 0.2376096997690531 0.02893846153846154 0.0545727482678984
0 0.023776923076923077 0.42445727482678985 0.047553846153846155 0.16997690531177828
1 0.023776923076923077 0.42445727482678985 0.047553846153846155 0.16997690531177828
0 0.405 0.15 0.03 0.07999999999999999
1 0.405 0.15 0.03 0.07999999999999999
0 0.34 0.24500000000000002 0.02 0.02999999999999999
0 0.8952230769230769 0.38733256351039264 0.02690769230769232 0.033048498845265596
1 0.8952230769230769 0.38733256351039264 0.02690769230769232 0.033048498845265596