0 0.6199999999999999 0.23 0.07999999999999999 0.18000000000000005
2 0.6199999999999999 0.23 0.07999999999999999 0.18000000000000005
1 0.6199999999999999 0.23 0.07999999999999999 0.18000000000000005
0 0.29500000000000004 0.115 0.16999999999999998 0.23
2 0.29500000000000004 0.115 0.16999999999999998 0.23
1 0.29500000000000004 0.115 0.16999999999999998 0.23
0 0.04295370370370371 0.09972222222222223 0.022611111111111113 0.042222222222222223
2 0.04295370370370371 0.09972222222222223 0.022611111111111113 0.042222222222222223
1 0.04295370370370371 0.09972222222222223 0.022611111111111113 0.042222222222222223
0 0.1272222222222222 0.115 0.019999999999999997 0.0338888888888889
1 0.1272222222222222 0.115 0.019999999999999997 0.0338888888888889
2 0.1272222222222222 0.115 0.019999999999999997 0.0338888888888889