0 0.5299999999999999 0.41000000000000003 0.03999999999999998 0.09999999999999999
1 0.5299999999999999 0.41000000000000003 0.03999999999999998 0.09999999999999999
2 0.5299999999999999 0.41000000000000003 0.03999999999999998 0.09999999999999999
0 0.986811320754717 0.3752105263157895 0.026377358490566074 0.07894736842105267
1 0.986811320754717 0.3752105263157895 0.026377358490566074 0.07894736842105267
0 0.705 0.38 0.05 0.09999999999999999
2 0.705 0.38 0.05 0.09999999999999999
1 0.705 0.38 0.05 0.09999999999999999
0 0.795 0.41000000000000003 0.030000000000000065 0.08000000000000002
0 0.83 0.415 0.03999999999999998 0.09000000000000004
2 0.83 0.415 0.03999999999999998 0.09000000000000004
0 0.13999999999999999 0.38999999999999996 0.06 0.11999999999999998
0 0.745 0.385 0.05 0.09000000000000004
1 0.745 0.385 0.05 0.09000000000000004
0 0.375 0.37999999999999995 0.07000000000000005 0.11999999999999998
0 0.5900000000000001 0.39499999999999996 0.06000000000000002 0.11000000000000003
1 0.5900000000000001 0.39499999999999996 0.06000000000000002 0.11000000000000003
0 0.88 0.405 0.06000000000000002 0.11000000000000003