0 0.5 0.33999999999999997 0.12 0.21999999999999995
1 0.5 0.33999999999999997 0.12 0.21999999999999995
0 0.575 0.07500000000000001 0.03 0.05
1 0.575 0.07500000000000001 0.03 0.05
0 0.77 0.26999999999999996 0.08 0.15999999999999998
1 0.77 0.26999999999999996 0.08 0.15999999999999998
0 0.1578181818181818 0.12830601092896174 0.024727272727272716 0.0540983606557377
2 0.1578181818181818 0.12830601092896174 0.024727272727272716 0.0540983606557377
1 0.1578181818181818 0.12830601092896174 0.024727272727272716 0.0540983606557377
0 0.018000000000000002 0.09934426229508196 0.03381818181818182 0.040983606557377046
2 0.018000000000000002 0.09934426229508196 0.03381818181818182 0.040983606557377046
1 0.018000000000000002 0.09934426229508196 0.03381818181818182 0.040983606557377046
0 0.0630909090909091 0.1477049180327869 0.02436363636363636 0.039344262295081964
2 0.0630909090909091 0.1477049180327869 0.02436363636363636 0.039344262295081964
1 0.0630909090909091 0.1477049180327869 0.02436363636363636 0.039344262295081964
0 0.15649090909090907 0.23420765027322404 0.02738181818181816 0.022622950819672135
2 0.15649090909090907 0.23420765027322404 0.02738181818181816 0.022622950819672135
1 0.15649090909090907 0.23420765027322404 0.02738181818181816 0.022622950819672135
0 0.4945818181818181 0.05792349726775956 0.03272727272727273 0.041530054644808745
2 0.4945818181818181 0.05792349726775956 0.03272727272727273 0.041530054644808745
1 0.4945818181818181 0.05792349726775956 0.03272727272727273 0.041530054644808745
0 0.6795818181818182 0.15043715846994535 0.0358181818181818 0.054754098360655735
2 0.6795818181818182 0.15043715846994535 0.0358181818181818 0.054754098360655735
1 0.6795818181818182 0.15043715846994535 0.0358181818181818 0.054754098360655735