0 0.54 0.16 0.04 0.1
0 0.29856666666666665 0.1395833333333333 0.04486666666666665 0.10059523809523808
2 0.29856666666666665 0.1395833333333333 0.04486666666666665 0.10059523809523808
1 0.29856666666666665 0.1395833333333333 0.04486666666666665 0.10059523809523808
0 0.4749500000000001 0.27113095238095236 0.05456666666666659 0.11726190476190473
1 0.4749500000000001 0.27113095238095236 0.05456666666666659 0.11726190476190473
2 0.4749500000000001 0.27113095238095236 0.05456666666666659 0.11726190476190473
0 0.8350000000000001 0.51 0.07 0.16000000000000006
1 0.8350000000000001 0.51 0.07 0.16000000000000006
0 0.33 0.345 0.060000000000000005 0.11000000000000001
1 0.33 0.345 0.060000000000000005 0.11000000000000001
0 0.7050000000000001 0.355 0.07 0.14999999999999997
2 0.7050000000000001 0.355 0.07 0.14999999999999997
0 0.62 0.21 0.060000000000000005 0.12
1 0.62 0.21 0.060000000000000005 0.12
0 0.35500000000000004 0.5249999999999999 0.07 0.15000000000000002
1 0.35500000000000004 0.5249999999999999 0.07 0.15000000000000002
0 0.165 0.44 0.07 0.14000000000000004