0 0.38 0.19 0.03999999999999998 0.08
0 0.39 0.26499999999999996 0.05999999999999999 0.10999999999999997
2 0.39 0.26499999999999996 0.05999999999999999 0.10999999999999997
0 0.22 0.21499999999999997 0.04000000000000003 0.09
2 0.22 0.21499999999999997 0.04000000000000003 0.09
0 0.45 0.16 0.04000000000000003 0.08
0 0.9449999999999998 0.22999999999999998 0.07000000000000002 0.13999999999999999
2 0.9449999999999998 0.22999999999999998 0.07000000000000002 0.13999999999999999
1 0.9449999999999998 0.22999999999999998 0.07000000000000002 0.13999999999999999
0 0.87 0.35 0.07999999999999996 0.15999999999999998
2 0.87 0.35 0.07999999999999996 0.15999999999999998
0 0.25999999999999995 0.24 0.05999999999999999 0.13999999999999999
2 0.25999999999999995 0.24 0.05999999999999999 0.13999999999999999
0 0.125 0.18 0.07 0.13999999999999999
2 0.125 0.18 0.07 0.13999999999999999
0 0.47 0.29 0.05999999999999999 0.13999999999999996
2 0.47 0.29 0.05999999999999999 0.13999999999999996
0 0.745 0.3 0.07000000000000002 0.11999999999999997
2 0.745 0.3 0.07000000000000002 0.11999999999999997
0 0.075 0.27999999999999997 0.09000000000000001 0.17999999999999997
2 0.075 0.27999999999999997 0.09000000000000001 0.17999999999999997
0 0.33499999999999996 0.315 0.09000000000000004 0.18999999999999995
2 0.33499999999999996 0.315 0.09000000000000004 0.18999999999999995
0 0.22999999999999998 0.7449999999999999 0.22 0.42999999999999994
1 0.22999999999999998 0.7449999999999999 0.22 0.42999999999999994
0 0.038528428093645484 0.580595238095238 0.07705685618729097 0.21595238095238095
0 0.9799999999999999 0.24 0.03999999999999993 0.09999999999999998
0 0.5599999999999999 0.21 0.03999999999999993 0.1
1 0.5599999999999999 0.21 0.03999999999999993 0.1