0 0.6175675675675676 0.40231958762886605 0.11312741312741306 0.14072164948453605
2 0.6175675675675676 0.40231958762886605 0.11312741312741306 0.14072164948453605
1 0.6175675675675676 0.40231958762886605 0.11312741312741306 0.14072164948453605
0 0.54 0.305 0.05999999999999997 0.11000000000000001
0 0.605 0.6849999999999999 0.11000000000000004 0.19
1 0.605 0.6849999999999999 0.11000000000000004 0.19
0 0.31505791505791503 0.3371134020618557 0.06563706563706564 0.1072164948453608
1 0.31505791505791503 0.3371134020618557 0.06563706563706564 0.1072164948453608
2 0.31505791505791503 0.3371134020618557 0.06563706563706564 0.1072164948453608
0 0.9005791505791506 0.35456185567010307 0.042084942084942 0.056855670103092754
2 0.9005791505791506 0.35456185567010307 0.042084942084942 0.056855670103092754
1 0.9005791505791506 0.35456185567010307 0.042084942084942 0.056855670103092754