0 0.895 0.33499999999999996 0.11 0.22999999999999998
1 0.895 0.33499999999999996 0.11 0.22999999999999998
0 0.095 0.315 0.13 0.26999999999999996
2 0.095 0.315 0.13 0.26999999999999996
1 0.095 0.315 0.13 0.26999999999999996
0 0.505 0.315 0.15 0.31
1 0.505 0.315 0.15 0.31
0 0.32 0.37000000000000005 0.12 0.27999999999999997
1 0.32 0.37000000000000005 0.12 0.27999999999999997
0 0.745 0.39 0.09 0.2
1 0.745 0.39 0.09 0.2
2 0.745 0.39 0.09 0.2
0 0.24 0.35 0.08 0.18
1 0.24 0.35 0.08 0.18
2 0.24 0.35 0.08 0.18