0 0.65 0.335 0.04 0.09000000000000004
0 0.8266181818181818 0.29125683060109286 0.061599999999999995 0.09781420765027321
1 0.8266181818181818 0.29125683060109286 0.061599999999999995 0.09781420765027321
0 0.59 0.32 0.06 0.12000000000000004
1 0.59 0.32 0.06 0.12000000000000004
0 0.175 0.33999999999999997 0.05 0.10000000000000002
0 0.035 0.305 0.05 0.09
1 0.035 0.305 0.05 0.09
0 0.535 0.35 0.05 0.10000000000000002
0 0.695 0.3 0.07 0.11999999999999997
1 0.695 0.3 0.07 0.11999999999999997
2 0.695 0.3 0.07 0.11999999999999997
0 0.1 0.33 0.06 0.10000000000000002