0 0.608090909090909 0.04262295081967213 0.01858181818181823 0.031693989071038244
1 0.608090909090909 0.04262295081967213 0.01858181818181823 0.031693989071038244
0 0.83 0.8150000000000001 0.04 0.07
1 0.83 0.8150000000000001 0.04 0.07
0 0.44 0.05 0.02 0.04
0 0.74 0.8150000000000001 0.04 0.07
1 0.74 0.8150000000000001 0.04 0.07
0 0.6185090909090909 0.3284153005464481 0.01883636363636366 0.037814207650273234
1 0.6185090909090909 0.3284153005464481 0.01883636363636366 0.037814207650273234
0 0.3076 0.696448087431694 0.02967272727272726 0.042622950819672115
1 0.3076 0.696448087431694 0.02967272727272726 0.042622950819672115