0 0.33999999999999997 0.33 0.06000000000000003 0.12000000000000001
1 0.33999999999999997 0.33 0.06000000000000003 0.12000000000000001
0 0.255 0.32 0.030000000000000016 0.039999999999999966
0 0.5449999999999999 0.36 0.03000000000000006 0.05999999999999999
0 0.09499999999999999 0.555 0.13 0.29000000000000004
0 0.6799999999999999 0.30499999999999994 0.05999999999999994 0.11
1 0.6799999999999999 0.30499999999999994 0.05999999999999994 0.11
0 0.5 0.33999999999999997 0.05999999999999994 0.11999999999999998
1 0.5 0.33999999999999997 0.05999999999999994 0.11999999999999998
0 0.44000000000000006 0.27999999999999997 0.06000000000000003 0.11999999999999998
1 0.44000000000000006 0.27999999999999997 0.06000000000000003 0.11999999999999998
0 0.605 0.33999999999999997 0.06999999999999999 0.11999999999999998
1 0.605 0.33999999999999997 0.06999999999999999 0.11999999999999998
0 0.875 0.33 0.07000000000000017 0.12000000000000001
1 0.875 0.33 0.07000000000000017 0.12000000000000001