0 0.5326166666666667 0.4341964285714285 0.06910000000000006 0.12922619047619044
1 0.5326166666666667 0.4341964285714285 0.06910000000000006 0.12922619047619044
0 0.315 0.18 0.13 0.27999999999999997
1 0.315 0.18 0.13 0.27999999999999997
0 0.48313333333333336 0.33657738095238093 0.05633333333333326 0.15422619047619046
1 0.48313333333333336 0.33657738095238093 0.05633333333333326 0.15422619047619046
0 0.5775166666666667 0.41937499999999994 0.0423666666666667 0.10648809523809528
1 0.5775166666666667 0.41937499999999994 0.0423666666666667 0.10648809523809528
0 0.42000000000000004 0.345 0.1 0.19
1 0.42000000000000004 0.345 0.1 0.19
0 0.555 0.345 0.030000000000000002 0.07000000000000002