0 0.1798 0.5261748633879781 0.020399999999999998 0.023606557377049222
1 0.1798 0.5261748633879781 0.020399999999999998 0.023606557377049222
0 0.95 0.62 0.02 0.04000000000000004
1 0.95 0.62 0.02 0.04000000000000004
0 0.28809090909090906 0.5745628415300547 0.018727272727272697 0.027814207650273242
1 0.28809090909090906 0.5745628415300547 0.018727272727272697 0.027814207650273242
0 0.65 0.575 0.02 0.049999999999999954
0 0.535 0.58 0.03 0.05999999999999994
0 0.81 0.605 0.02 0.05000000000000003
1 0.81 0.605 0.02 0.05000000000000003
0 0.5932727272727273 0.584535519125683 0.02181818181818182 0.034426229508196786
1 0.5932727272727273 0.584535519125683 0.02181818181818182 0.034426229508196786
0 0.345 0.565 0.03 0.05000000000000003
1 0.345 0.565 0.03 0.05000000000000003
0 0.761909090909091 0.6 0.02381818181818186 0.039999999999999966
1 0.761909090909091 0.6 0.02381818181818186 0.039999999999999966