0 0.64 0.63 0.040000000000000015 0.1
2 0.64 0.63 0.040000000000000015 0.1
1 0.64 0.63 0.040000000000000015 0.1
0 0.13000000000000003 0.42000000000000004 0.06 0.10000000000000005
2 0.13000000000000003 0.42000000000000004 0.06 0.10000000000000005
1 0.13000000000000003 0.42000000000000004 0.06 0.10000000000000005
0 0.7899999999999999 0.42000000000000004 0.040000000000000015 0.08000000000000004
2 0.7899999999999999 0.42000000000000004 0.040000000000000015 0.08000000000000004
0 0.87 0.46 0.040000000000000015 0.07999999999999996
0 0.7350000000000001 0.49 0.050000000000000044 0.1
2 0.7350000000000001 0.49 0.050000000000000044 0.1
1 0.7350000000000001 0.49 0.050000000000000044 0.1
0 0.555 0.61 0.050000000000000044 0.1
2 0.555 0.61 0.050000000000000044 0.1
1 0.555 0.61 0.050000000000000044 0.1
0 0.275 0.65 0.049999999999999996 0.1
2 0.275 0.65 0.049999999999999996 0.1
1 0.275 0.65 0.049999999999999996 0.1
0 0.37 0.625 0.040000000000000015 0.09000000000000007
2 0.37 0.625 0.040000000000000015 0.09000000000000007
1 0.37 0.625 0.040000000000000015 0.09000000000000007
0 0.48 0.6150000000000001 0.040000000000000015 0.08999999999999998
2 0.48 0.6150000000000001 0.040000000000000015 0.08999999999999998