0 0.481764705882353 0.3572432432432433 0.021691176470588255 0.032432432432432434
1 0.481764705882353 0.3572432432432433 0.021691176470588255 0.032432432432432434
0 0.5855882352941176 0.0974054054054054 0.015808823529411806 0.024864864864864864
1 0.5855882352941176 0.0974054054054054 0.015808823529411806 0.024864864864864864
0 0.6756985294117648 0.7081081081081082 0.019852941176470608 0.03567567567567572
1 0.6756985294117648 0.7081081081081082 0.019852941176470608 0.03567567567567572
0 0.6421323529411764 0.6417837837837838 0.022058823529411763 0.024540540540540577
1 0.6421323529411764 0.6417837837837838 0.022058823529411763 0.024540540540540577
0 0.5844669117647059 0.5092972972972973 0.021654411764705832 0.02918918918918922
1 0.5844669117647059 0.5092972972972973 0.021654411764705832 0.02918918918918922
0 0.8379779411764706 0.3158918918918919 0.023529411764705903 0.03027027027027028
1 0.8379779411764706 0.3158918918918919 0.023529411764705903 0.03027027027027028
0 0.5422426470588235 0.308918918918919 0.019117647058823593 0.031891891891891885
1 0.5422426470588235 0.308918918918919 0.019117647058823593 0.031891891891891885
0 0.34 0.79 0.03999999999999998 0.08000000000000007