0 0.506887159533074 0.14535714285714285 0.09610894941634242 0.14806122448979592
1 0.506887159533074 0.14535714285714285 0.09610894941634242 0.14806122448979592
0 0.155 0.205 0.06999999999999999 0.13
1 0.155 0.205 0.06999999999999999 0.13
0 0.29361867704280153 0.1897959183673469 0.13276264591439688 0.22040816326530607
1 0.29361867704280153 0.1897959183673469 0.13276264591439688 0.22040816326530607
0 0.21064202334630353 0.24375000000000002 0.07 0.12831632653061223
1 0.21064202334630353 0.24375000000000002 0.07 0.12831632653061223
0 0.6102918287937743 0.19872448979591836 0.11941634241245136 0.19642857142857142
1 0.6102918287937743 0.19872448979591836 0.11941634241245136 0.19642857142857142
0 0.3979571984435798 0.21607142857142855 0.0959143968871595 0.17091836734693877
1 0.3979571984435798 0.21607142857142855 0.0959143968871595 0.17091836734693877