0 0.5372916666666666 0.18500000000000003 0.06541666666666673 0.15
1 0.5372916666666666 0.18500000000000003 0.06541666666666673 0.15
2 0.5372916666666666 0.18500000000000003 0.06541666666666673 0.15
0 0.13597916666666665 0.26342592592592595 0.05220833333333332 0.11425925925925924
2 0.13597916666666665 0.26342592592592595 0.05220833333333332 0.11425925925925924
1 0.13597916666666665 0.26342592592592595 0.05220833333333332 0.11425925925925924
0 0.45 0.1 0.07999999999999995 0.16
2 0.45 0.1 0.07999999999999995 0.16
1 0.45 0.1 0.07999999999999995 0.16
0 0.22252083333333333 0.18074074074074073 0.06999999999999999 0.18
1 0.22252083333333333 0.18074074074074073 0.06999999999999999 0.18
2 0.22252083333333333 0.18074074074074073 0.06999999999999999 0.18