0 0.62 0.38 0.040000000000000084 0.08000000000000003
0 0.4133823529411765 0.26729729729729734 0.019852941176470608 0.027567567567567577
2 0.4133823529411765 0.26729729729729734 0.019852941176470608 0.027567567567567577
1 0.4133823529411765 0.26729729729729734 0.019852941176470608 0.027567567567567577
0 0.145 0.33 0.030000000000000013 0.05999999999999997
1 0.145 0.33 0.030000000000000013 0.05999999999999997
0 0.36 0.39000000000000007 0.01999999999999999 0.03999999999999996
0 0.5 0.34 0.03999999999999998 0.07999999999999999
1 0.5 0.34 0.03999999999999998 0.07999999999999999
0 0.27999999999999997 0.375 0.05999999999999998 0.13000000000000003
2 0.27999999999999997 0.375 0.05999999999999998 0.13000000000000003
1 0.27999999999999997 0.375 0.05999999999999998 0.13000000000000003