0 0.46230812013348166 0.38874561403508767 0.06797552836484985 0.11208771929824564
1 0.46230812013348166 0.38874561403508767 0.06797552836484985 0.11208771929824564
0 0.10425472747497218 0.3087719298245614 0.057697441601779746 0.1
1 0.10425472747497218 0.3087719298245614 0.057697441601779746 0.1
2 0.10425472747497218 0.3087719298245614 0.057697441601779746 0.1
0 0.615 0.36500000000000005 0.07000000000000008 0.13
2 0.615 0.36500000000000005 0.07000000000000008 0.13
1 0.615 0.36500000000000005 0.07000000000000008 0.13
0 0.4 0.35000000000000003 0.06 0.11999999999999997
1 0.4 0.35000000000000003 0.06 0.11999999999999997
0 0.8200000000000001 0.385 0.07999999999999996 0.15
1 0.8200000000000001 0.385 0.07999999999999996 0.15
2 0.8200000000000001 0.385 0.07999999999999996 0.15
0 0.22 0.305 0.06 0.10999999999999999
1 0.22 0.305 0.06 0.10999999999999999
2 0.22 0.305 0.06 0.10999999999999999