0 0.8550000000000001 0.055 0.030000000000000002 0.06999999999999999
1 0.8550000000000001 0.055 0.030000000000000002 0.06999999999999999
0 0.645 0.06999999999999999 0.030000000000000002 0.060000000000000005
0 0.04733333333333334 0.06812499999999999 0.022666666666666672 0.04220238095238095
1 0.04733333333333334 0.06812499999999999 0.022666666666666672 0.04220238095238095
0 0.2396666666666667 0.06363095238095237 0.027999999999999973 0.05238095238095238
1 0.2396666666666667 0.06363095238095237 0.027999999999999973 0.05238095238095238
0 0.7100000000000001 0.1 0.04 0.07999999999999999
1 0.7100000000000001 0.1 0.04 0.07999999999999999
0 0.49000000000000005 0.08 0.04 0.06
0 0.34500000000000003 0.065 0.030000000000000002 0.04999999999999999
0 0.925 0.08 0.030000000000000002 0.06