0 0.925 0.44999999999999996 0.07 0.11999999999999997
1 0.925 0.44999999999999996 0.07 0.11999999999999997
0 0.68 0.475 0.06 0.12999999999999995
1 0.68 0.475 0.06 0.12999999999999995
0 0.15 0.46 0.08 0.13999999999999996
1 0.15 0.46 0.08 0.13999999999999996
0 0.535 0.41000000000000003 0.09 0.16
1 0.535 0.41000000000000003 0.09 0.16
0 0.28 0.435 0.12 0.23
1 0.28 0.435 0.12 0.23
0 0.38 0.405 0.08 0.16999999999999998
1 0.38 0.405 0.08 0.16999999999999998
0 0.76 0.36 0.16 0.28
1 0.76 0.36 0.16 0.28
0 0.06 0.505 0.12 0.31
1 0.06 0.505 0.12 0.31