0 0.7050000000000001 0.22499999999999998 0.05 0.09
1 0.7050000000000001 0.22499999999999998 0.05 0.09
0 0.645 0.255 0.030000000000000002 0.06999999999999998
0 0.14 0.205 0.060000000000000005 0.13
2 0.14 0.205 0.060000000000000005 0.13
1 0.14 0.205 0.060000000000000005 0.13
0 0.38 0.175 0.08 0.17
1 0.38 0.175 0.08 0.17
0 0.8650000000000001 0.26999999999999996 0.09000000000000001 0.15999999999999998
1 0.8650000000000001 0.26999999999999996 0.09000000000000001 0.15999999999999998
0 0.21000000000000002 0.19 0.060000000000000005 0.12
1 0.21000000000000002 0.19 0.060000000000000005 0.12