0 0.195 0.16999999999999998 0.11 0.22000000000000003
1 0.195 0.16999999999999998 0.11 0.22000000000000003
2 0.195 0.16999999999999998 0.11 0.22000000000000003
0 0.605 0.22 0.11 0.24000000000000002
1 0.605 0.22 0.11 0.24000000000000002
2 0.605 0.22 0.11 0.24000000000000002
0 0.81 0.18499999999999997 0.14 0.31
2 0.81 0.18499999999999997 0.14 0.31
1 0.81 0.18499999999999997 0.14 0.31
0 0.69 0.35500000000000004 0.08 0.16999999999999998
1 0.69 0.35500000000000004 0.08 0.16999999999999998
0 0.365 0.22999999999999998 0.13 0.26
2 0.365 0.22999999999999998 0.13 0.26
1 0.365 0.22999999999999998 0.13 0.26