0 0.35500000000000004 0.4049999999999999 0.05 0.11000000000000001
1 0.35500000000000004 0.4049999999999999 0.05 0.11000000000000001
2 0.35500000000000004 0.4049999999999999 0.05 0.11000000000000001
0 0.625 0.51 0.030000000000000002 0.059999999999999984
1 0.625 0.51 0.030000000000000002 0.059999999999999984
0 0.6000000000000001 0.5149999999999999 0.02 0.05000000000000003
0 0.68 0.5149999999999999 0.02 0.05000000000000003
1 0.68 0.5149999999999999 0.02 0.05000000000000003
0 0.13 0.725 0.060000000000000005 0.13
1 0.13 0.725 0.060000000000000005 0.13
0 0.515 0.51 0.030000000000000002 0.059999999999999984
1 0.515 0.51 0.030000000000000002 0.059999999999999984
0 0.7553666666666667 0.6461607142857143 0.023400000000000035 0.04351190476190469
1 0.7553666666666667 0.6461607142857143 0.023400000000000035 0.04351190476190469