0 0.43500000000000005 0.34500000000000003 0.16999999999999998 0.37
2 0.43500000000000005 0.34500000000000003 0.16999999999999998 0.37
1 0.43500000000000005 0.34500000000000003 0.16999999999999998 0.37
0 0.69 0.32 0.1 0.20000000000000007
1 0.69 0.32 0.1 0.20000000000000007
0 0.8350000000000001 0.26 0.20999999999999994 0.48
1 0.8350000000000001 0.26 0.20999999999999994 0.48
2 0.8350000000000001 0.26 0.20999999999999994 0.48
0 0.32 0.20999999999999996 0.13999999999999996 0.27999999999999997
2 0.32 0.20999999999999996 0.13999999999999996 0.27999999999999997
0 0.06681818181818182 0.26745098039215687 0.13363636363636364 0.5349019607843137
1 0.06681818181818182 0.26745098039215687 0.13363636363636364 0.5349019607843137