0 0.39 0.7100000000000001 0.02 0.04000000000000004
1 0.39 0.7100000000000001 0.02 0.04000000000000004
0 0.29 0.41000000000000003 0.02 0.039999999999999966
0 0.1248 0.08060109289617487 0.013454545454545466 0.01912568306010929
0 0.4914727272727273 0.5067213114754099 0.02105454545454553 0.0273224043715847
0 0.11258181818181819 0.8012841530054644 0.019345454545454534 0.03524590163934436
0 0.345 0.155 0.01 0.029999999999999992
0 0.105 0.675 0.03 0.049999999999999954
1 0.105 0.675 0.03 0.049999999999999954
0 0.855 0.48000000000000004 0.03 0.06000000000000002
1 0.855 0.48000000000000004 0.03 0.06000000000000002
0 0.28 0.09499999999999999 0.02 0.029999999999999992