0 0.4256340579710145 0.7211538461538463 0.024311594202898527 0.036263736263736315
1 0.4256340579710145 0.7211538461538463 0.024311594202898527 0.036263736263736315
0 0.37152173913043474 0.8105494505494505 0.03956521739130436 0.05142857142857135
1 0.37152173913043474 0.8105494505494505 0.03956521739130436 0.05142857142857135
0 0.2319927536231884 0.9078021978021978 0.0573913043478261 0.0878021978021979
1 0.2319927536231884 0.9078021978021978 0.0573913043478261 0.0878021978021979
0 0.465 0.47500000000000003 0.029999999999999954 0.049999999999999975
0 0.378768115942029 0.22730769230769235 0.02355072463768116 0.031868131868131894
1 0.378768115942029 0.22730769230769235 0.02355072463768116 0.031868131868131894
0 0.3113768115942029 0.6617582417582418 0.02463768115942028 0.05274725274725272
1 0.3113768115942029 0.6617582417582418 0.02463768115942028 0.05274725274725272
0 0.29 0.7351098901098901 0.030434782608695622 0.057692307692307696
1 0.29 0.7351098901098901 0.030434782608695622 0.057692307692307696
0 0.41893115942028986 0.7652747252747253 0.03134057971014495 0.044175824175824295
1 0.41893115942028986 0.7652747252747253 0.03134057971014495 0.044175824175824295
0 0.48547101449275365 0.7273901098901099 0.030000000000000006 0.04038461538461536
1 0.48547101449275365 0.7273901098901099 0.030000000000000006 0.04038461538461536
0 0.20902173913043479 0.3781318681318681 0.01304347826086957 0.021428571428571384
1 0.20902173913043479 0.3781318681318681 0.01304347826086957 0.021428571428571384