0 0.45499999999999996 0.66 0.029999999999999943 0.040000000000000036
0 0.30499999999999994 0.7700000000000001 0.029999999999999995 0.06000000000000001
1 0.30499999999999994 0.7700000000000001 0.029999999999999995 0.06000000000000001
0 0.045000000000000005 0.8650000000000001 0.03 0.049999999999999906
1 0.045000000000000005 0.8650000000000001 0.03 0.049999999999999906
0 0.885 0.93 0.009999999999999948 0.03999999999999996
0 0.41000000000000003 0.7000000000000001 0.019999999999999997 0.03999999999999996
0 0.6036713286713287 0.6536931818181818 0.024475524475524476 0.028977272727272695
2 0.6036713286713287 0.6536931818181818 0.024475524475524476 0.028977272727272695
1 0.6036713286713287 0.6536931818181818 0.024475524475524476 0.028977272727272695
0 0.2326223776223776 0.8243181818181817 0.020279720279720293 0.026704545454545554
1 0.2326223776223776 0.8243181818181817 0.020279720279720293 0.026704545454545554