0 0.405 0.565 0.01 0.02999999999999995
0 0.11 0.57 0.02 0.039999999999999994
1 0.11 0.57 0.02 0.039999999999999994
0 0.29000000000000004 0.5349999999999999 0.02 0.04999999999999995
1 0.29000000000000004 0.5349999999999999 0.02 0.04999999999999995
0 0.36000000000000004 0.565 0.02 0.02999999999999995
0 0.48500000000000004 0.5349999999999999 0.030000000000000002 0.04999999999999995
1 0.48500000000000004 0.5349999999999999 0.030000000000000002 0.04999999999999995
0 0.61 0.5399999999999999 0.02 0.039999999999999994
0 0.5850000000000001 0.5349999999999999 0.030000000000000002 0.04999999999999995
1 0.5850000000000001 0.5349999999999999 0.030000000000000002 0.04999999999999995
0 0.49500000000000005 0.5449999999999999 0.030000000000000002 0.05000000000000003
0 0.62 0.5349999999999999 0.02 0.04999999999999995
1 0.62 0.5349999999999999 0.02 0.04999999999999995
0 0.28 0.5599999999999999 0.02 0.039999999999999994
0 0.77 0.5 0.04 0.07999999999999999
0 0.68 0.5249999999999999 0.04 0.07000000000000002
1 0.68 0.5249999999999999 0.04 0.07000000000000002
0 0.745 0.44999999999999996 0.030000000000000002 0.07999999999999999
0 0.5650000000000001 0.5399999999999999 0.01 0.039999999999999994
0 0.535 0.5399999999999999 0.01 0.039999999999999994
0 0.44 0.5599999999999999 0.02 0.039999999999999994