0 0.62 0.8 0.04 0.07999999999999999
0 0.9750000000000001 0.19499999999999998 0.030000000000000002 0.07
1 0.9750000000000001 0.19499999999999998 0.030000000000000002 0.07
0 0.49500000000000005 0.555 0.030000000000000002 0.07000000000000002
0 0.5613 0.6437797619047618 0.018733333333333255 0.03601190476190483
0 0.6069 0.6407738095238095 0.019666666666666686 0.028333333333333363
0 0.14500000000000002 0.8099999999999998 0.030000000000000002 0.060000000000000074
1 0.14500000000000002 0.8099999999999998 0.030000000000000002 0.060000000000000074
0 0.47540000000000004 0.6339880952380952 0.01800000000000002 0.025000000000000015
0 0.4163333333333334 0.6339285714285714 0.02466666666666664 0.03273809523809523
1 0.4163333333333334 0.6339285714285714 0.02466666666666664 0.03273809523809523
0 0.37971666666666665 0.6599999999999999 0.02023333333333336 0.038333333333333316
1 0.37971666666666665 0.6599999999999999 0.02023333333333336 0.038333333333333316
0 0.3345 0.6914285714285714 0.02466666666666664 0.04773809523809521
1 0.3345 0.6914285714285714 0.02466666666666664 0.04773809523809521
0 0.1395 0.6161309523809523 0.01973333333333334 0.03523809523809525
0 0.8300000000000001 0.22999999999999998 0.060000000000000005 0.12
1 0.8300000000000001 0.22999999999999998 0.060000000000000005 0.12
0 0.9 0.32999999999999996 0.060000000000000005 0.14
0 0.795 0.25 0.07 0.13999999999999999
1 0.795 0.25 0.07 0.13999999999999999
0 0.89 0.18499999999999997 0.08 0.15
1 0.89 0.18499999999999997 0.08 0.15
0 0.7000000000000001 0.24 0.08 0.15999999999999998
1 0.7000000000000001 0.24 0.08 0.15999999999999998