0 0.53 0.235 0.05999999999999996 0.14999999999999997
1 0.53 0.235 0.05999999999999996 0.14999999999999997
0 0.775 0.335 0.10999999999999993 0.25
1 0.775 0.335 0.10999999999999993 0.25
0 0.295 0.17500000000000002 0.05000000000000001 0.13
1 0.295 0.17500000000000002 0.05000000000000001 0.13
0 0.09999999999999999 0.155 0.12000000000000001 0.29000000000000004
1 0.09999999999999999 0.155 0.12000000000000001 0.29000000000000004
0 0.23 0.205 0.060000000000000005 0.13
1 0.23 0.205 0.060000000000000005 0.13
0 0.63 0.30499999999999994 0.03999999999999997 0.06999999999999997
1 0.63 0.30499999999999994 0.03999999999999997 0.06999999999999997
0 0.185 0.18000000000000002 0.04999999999999999 0.12000000000000001
1 0.185 0.18000000000000002 0.04999999999999999 0.12000000000000001
0 0.425 0.175 0.07000000000000003 0.16999999999999998
2 0.425 0.175 0.07000000000000003 0.16999999999999998
1 0.425 0.175 0.07000000000000003 0.16999999999999998