0 0.6326007326007326 0.537027027027027 0.043296703296703376 0.06313513513513509
1 0.6326007326007326 0.537027027027027 0.043296703296703376 0.06313513513513509
0 0.38252747252747255 0.34637837837837837 0.042857142857142864 0.08162162162162159
1 0.38252747252747255 0.34637837837837837 0.042857142857142864 0.08162162162162159
0 0.6658974358974359 0.20259459459459464 0.0245421245421245 0.047027027027027005
1 0.6658974358974359 0.20259459459459464 0.0245421245421245 0.047027027027027005
0 0.375 0.24000000000000005 0.029999999999999992 0.06000000000000001
1 0.375 0.24000000000000005 0.029999999999999992 0.06000000000000001
0 0.41000000000000003 0.54 0.07999999999999996 0.16000000000000006
1 0.41000000000000003 0.54 0.07999999999999996 0.16000000000000006
0 0.5100000000000001 0.17500000000000002 0.020000000000000028 0.029999999999999985
1 0.5100000000000001 0.17500000000000002 0.020000000000000028 0.029999999999999985