0 0.88 0.465 0.01999999999999996 0.029999999999999995
0 0.4316431924882629 0.8162869198312236 0.03849765258215964 0.032911392405063335
0 0.6272300469483569 0.8458227848101265 0.0456338028169014 0.03240506329113926
1 0.6272300469483569 0.8458227848101265 0.0456338028169014 0.03240506329113926
0 0.48525821596244134 0.14843881856540084 0.014553990610328612 0.015611814345991572
0 0.5304225352112676 0.13122362869198312 0.019718309859154945 0.012658227848101264
0 0.19544600938967138 0.5340928270042195 0.025821596244131457 0.024050632911392415
1 0.19544600938967138 0.5340928270042195 0.025821596244131457 0.024050632911392415
0 0.7627230046948356 0.10755274261603376 0.01596244131455402 0.013924050632911394
0 0.8387793427230047 0.26274261603375526 0.02441314553990605 0.01856540084388185
0 0.8026291079812207 0.2975527426160337 0.019718309859154876 0.016455696202531667
0 0.665680751173709 0.4943037974683544 0.024319248826291114 0.028270042194092838
1 0.665680751173709 0.4943037974683544 0.024319248826291114 0.028270042194092838
0 0.7621126760563379 0.4938818565400843 0.026760563380281772 0.024894514767932512
1 0.7621126760563379 0.4938818565400843 0.026760563380281772 0.024894514767932512
0 0.6406103286384977 0.5378481012658227 0.029577464788732313 0.024050632911392356
1 0.6406103286384977 0.5378481012658227 0.029577464788732313 0.024050632911392356
0 0.28328638497652586 0.5267088607594936 0.02854460093896716 0.02109704641350211
1 0.28328638497652586 0.5267088607594936 0.02854460093896716 0.02109704641350211
0 0.32999999999999996 0.5499999999999999 0.020000000000000025 0.040000000000000015
0 0.43000000000000005 0.10999999999999999 0.020000000000000025 0.020000000000000007
0 0.19 0.24499999999999997 0.01999999999999999 0.029999999999999995
0 0.39999999999999997 0.35999999999999993 0.03999999999999998 0.040000000000000015