0 0.6559636363636363 0.34081967213114756 0.02072727272727279 0.03060109289617487
1 0.6559636363636363 0.34081967213114756 0.02072727272727279 0.03060109289617487
0 0.055527272727272724 0.8801092896174864 0.05010909090909091 0.10032786885245909
1 0.055527272727272724 0.8801092896174864 0.05010909090909091 0.10032786885245909
0 0.11905454545454544 0.8119125683060109 0.025090909090909087 0.05136612021857927
1 0.11905454545454544 0.8119125683060109 0.025090909090909087 0.05136612021857927
0 0.44 0.685 0.12 0.23
1 0.44 0.685 0.12 0.23
0 0.26 0.845 0.04 0.09
1 0.26 0.845 0.04 0.09
0 0.565 0.5549999999999999 0.01 0.03000000000000005