0 0.18 0.6950000000000001 0.02 0.049999999999999954
0 0.325 0.69 0.03 0.05999999999999994
0 0.275 0.6799999999999999 0.03 0.06000000000000002
0 0.455 0.675 0.03 0.07
0 0.305 0.69 0.03 0.05999999999999994
0 0.245 0.675 0.03 0.07
0 0.725 0.275 0.07 0.14999999999999997
2 0.725 0.275 0.07 0.14999999999999997
0 0.865 0.29 0.07 0.11999999999999997
1 0.865 0.29 0.07 0.11999999999999997
0 0.575 0.24000000000000002 0.07 0.13999999999999999
0 0.04112727272727273 0.6869398907103825 0.033818181818181824 0.06721311475409843
1 0.04112727272727273 0.6869398907103825 0.033818181818181824 0.06721311475409843
0 0.11112727272727273 0.6937704918032787 0.029818181818181803 0.052459016393442595
1 0.11112727272727273 0.6937704918032787 0.029818181818181803 0.052459016393442595