0 0.2411333333333333 0.66222 0.04 0.07
1 0.2411333333333333 0.66222 0.04 0.07
2 0.2411333333333333 0.66222 0.04 0.07
0 0.7190666666666666 0.62566 0.031733333333333426 0.06
1 0.7190666666666666 0.62566 0.031733333333333426 0.06
2 0.7190666666666666 0.62566 0.031733333333333426 0.06
0 0.145 0.555 0.03 0.07
1 0.145 0.555 0.03 0.07
0 0.28358666666666665 0.5700000000000001 0.03 0.06
1 0.28358666666666665 0.5700000000000001 0.03 0.06
0 0.45422 0.57163 0.029666666666666664 0.054460000000000036
2 0.45422 0.57163 0.029666666666666664 0.054460000000000036
1 0.45422 0.57163 0.029666666666666664 0.054460000000000036