0 0.635 0.875 0.030000000000000002 0.049999999999999864
1 0.635 0.875 0.030000000000000002 0.049999999999999864
0 0.9637666666666667 0.8535714285714284 0.028466666666666546 0.057142857142857106
1 0.9637666666666667 0.8535714285714284 0.028466666666666546 0.057142857142857106
0 0.78 0.835 0.02 0.049999999999999864
0 0.5800000000000001 0.8549999999999999 0.02 0.05000000000000003
0 0.385 0.955 0.030000000000000002 0.06999999999999994
0 0.51 0.315 0.02 0.029999999999999992
0 0.8993333333333334 0.8207142857142856 0.029199999999999973 0.052857142857142825
1 0.8993333333333334 0.8207142857142856 0.029199999999999973 0.052857142857142825
0 0.8496 0.7806547619047619 0.021600000000000064 0.036428571428571456
1 0.8496 0.7806547619047619 0.021600000000000064 0.036428571428571456
0 0.4687166666666667 0.6558630952380952 0.030233333333333313 0.035178571428571406
1 0.4687166666666667 0.6558630952380952 0.030233333333333313 0.035178571428571406
0 0.5913333333333333 0.9019047619047618 0.025333333333333315 0.037499999999999895
1 0.5913333333333333 0.9019047619047618 0.025333333333333315 0.037499999999999895
0 0.5402333333333333 0.8923511904761904 0.01953333333333338 0.04648809523809525
1 0.5402333333333333 0.8923511904761904 0.01953333333333338 0.04648809523809525