0 0.03 0.185 0.06 0.05
1 0.03 0.185 0.06 0.05
0 0.4749999999999999 0.20500000000000002 0.030000000000000023 0.05
1 0.4749999999999999 0.20500000000000002 0.030000000000000023 0.05
0 0.254331797235023 0.1891810344827586 0.04423963133640554 0.06474137931034481
0 0.61 0.185 0.04000000000000003 0.05
0 0.43999999999999995 0.22 0.039999999999999966 0.060000000000000005
1 0.43999999999999995 0.22 0.039999999999999966 0.060000000000000005
0 0.9 0.21 0.060000000000000046 0.060000000000000005
1 0.9 0.21 0.060000000000000046 0.060000000000000005
0 0.145 0.155 0.08999999999999998 0.09