0 0.23500000000000001 0.575 0.05 0.11000000000000001
1 0.23500000000000001 0.575 0.05 0.11000000000000001
0 0.49000000000000005 0.5299999999999999 0.04 0.08000000000000007
0 0.685 0.47000000000000003 0.030000000000000002 0.08000000000000007
2 0.685 0.47000000000000003 0.030000000000000002 0.08000000000000007
0 0.64 0.385 0.04 0.07000000000000002
0 0.8650000000000001 0.095 0.11 0.19
2 0.8650000000000001 0.095 0.11 0.19
0 0.8400000000000001 0.45499999999999996 0.14 0.27
2 0.8400000000000001 0.45499999999999996 0.14 0.27
0 0.065 0.58 0.07 0.13999999999999996
2 0.065 0.58 0.07 0.13999999999999996
1 0.065 0.58 0.07 0.13999999999999996
0 0.39 0.565 0.060000000000000005 0.10999999999999993
1 0.39 0.565 0.060000000000000005 0.10999999999999993
2 0.39 0.565 0.060000000000000005 0.10999999999999993
0 0.29000000000000004 0.6149999999999999 0.04 0.08999999999999994
1 0.29000000000000004 0.6149999999999999 0.04 0.08999999999999994