0 0.47000000000000003 0.74 0.02000000000000006 0.03999999999999998
0 0.41000000000000003 0.805 0.020000000000000014 0.030000000000000075
0 0.99 0.3 0.01999999999999997 0.06000000000000002
0 0.5402875399361022 0.6383229813664596 0.018849840255591072 0.025465838509316732
0 0.5717891373801917 0.3160869565217391 0.014696485623003267 0.02795031055900621
0 0.4033546325878594 0.4513043478260869 0.027795527156549482 0.05900621118012422
1 0.4033546325878594 0.4513043478260869 0.027795527156549482 0.05900621118012422
0 0.5004952076677316 0.40574534161490683 0.014728434504792375 0.03571428571428571
1 0.5004952076677316 0.40574534161490683 0.014728434504792375 0.03571428571428571
0 0.715 0.305 0.08999999999999996 0.19
1 0.715 0.305 0.08999999999999996 0.19