0 0.5299999999999999 0.105 0.03999999999999998 0.06999999999999999
0 0.7910344827586206 0.05373563218390804 0.03517241379310341 0.07873563218390804
0 0.11703448275862068 0.14011494252873566 0.018344827586206897 0.03126436781609196
2 0.11703448275862068 0.14011494252873566 0.018344827586206897 0.03126436781609196
1 0.11703448275862068 0.14011494252873566 0.018344827586206897 0.03126436781609196
0 0.08275862068965517 0.1298850574712644 0.021379310344827596 0.029885057471264364
1 0.08275862068965517 0.1298850574712644 0.021379310344827596 0.029885057471264364
2 0.08275862068965517 0.1298850574712644 0.021379310344827596 0.029885057471264364
0 0.13844827586206895 0.11925287356321838 0.022413793103448276 0.029310344827586213
1 0.13844827586206895 0.11925287356321838 0.022413793103448276 0.029310344827586213
2 0.13844827586206895 0.11925287356321838 0.022413793103448276 0.029310344827586213
0 0.43258620689655175 0.2916666666666667 0.1072413793103448 0.18793103448275858
1 0.43258620689655175 0.2916666666666667 0.1072413793103448 0.18793103448275858
0 0.5883793103448276 0.10988505747126437 0.02572413793103451 0.03816091954022989
1 0.5883793103448276 0.10988505747126437 0.02572413793103451 0.03816091954022989
2 0.5883793103448276 0.10988505747126437 0.02572413793103451 0.03816091954022989