0 0.42 0.37 0.12000000000000002 0.23999999999999996
1 0.42 0.37 0.12000000000000002 0.23999999999999996
2 0.42 0.37 0.12000000000000002 0.23999999999999996
0 0.59 0.4 0.0999999999999999 0.22000000000000003
2 0.59 0.4 0.0999999999999999 0.22000000000000003
1 0.59 0.4 0.0999999999999999 0.22000000000000003
0 0.6649999999999999 0.395 0.05000000000000006 0.10999999999999996
2 0.6649999999999999 0.395 0.05000000000000006 0.10999999999999996
1 0.6649999999999999 0.395 0.05000000000000006 0.10999999999999996
0 0.525 0.34 0.07000000000000003 0.13999999999999999
1 0.525 0.34 0.07000000000000003 0.13999999999999999
0 0.34 0.38436567164179103 0.06000000000000001 0.11126865671641793
0 0.245 0.405 0.11 0.21
1 0.245 0.405 0.11 0.21
0 0.805 0.40499999999999997 0.06999999999999997 0.12999999999999995
2 0.805 0.40499999999999997 0.06999999999999997 0.12999999999999995
1 0.805 0.40499999999999997 0.06999999999999997 0.12999999999999995