0 0.17 0.25500000000000006 0.12000000000000001 0.23
1 0.17 0.25500000000000006 0.12000000000000001 0.23
2 0.17 0.25500000000000006 0.12000000000000001 0.23
0 0.855 0.24395604395604398 0.17 0.29780219780219785
1 0.855 0.24395604395604398 0.17 0.29780219780219785
0 0.6872021660649821 0.34 0.11953068592057757 0.2189010989010989
1 0.6872021660649821 0.34 0.11953068592057757 0.2189010989010989
2 0.6872021660649821 0.34 0.11953068592057757 0.2189010989010989
0 0.45 0.18 0.10000000000000002 0.22
1 0.45 0.18 0.10000000000000002 0.22
2 0.45 0.18 0.10000000000000002 0.22