0 0.9850000000000001 0.155 0.030000000000000002 0.11
1 0.9850000000000001 0.155 0.030000000000000002 0.11
0 0.5900000000000001 0.155 0.04 0.09
0 0.28500000000000003 0.18 0.05 0.1
0 0.6950000000000001 0.11 0.05 0.09999999999999998
1 0.6950000000000001 0.11 0.05 0.09999999999999998
0 0.8700000000000001 0.13499999999999998 0.04 0.06999999999999998
1 0.8700000000000001 0.13499999999999998 0.04 0.06999999999999998
0 0.41000000000000003 0.13499999999999998 0.04 0.09
1 0.41000000000000003 0.13499999999999998 0.04 0.09
0 0.8350000000000001 0.13 0.05 0.09999999999999998
1 0.8350000000000001 0.13 0.05 0.09999999999999998
0 0.14500000000000002 0.22999999999999998 0.05 0.1
0 0.29500000000000004 0.13499999999999998 0.05 0.11000000000000001
2 0.29500000000000004 0.13499999999999998 0.05 0.11000000000000001
1 0.29500000000000004 0.13499999999999998 0.05 0.11000000000000001
0 0.51 0.125 0.04 0.06999999999999999
1 0.51 0.125 0.04 0.06999999999999999
0 0.38 0.15999999999999998 0.060000000000000005 0.14
0 0.13 0.145 0.04 0.09
0 0.92 0.13 0.060000000000000005 0.12000000000000001
1 0.92 0.13 0.060000000000000005 0.12000000000000001
0 0.78 0.13499999999999998 0.04 0.09
1 0.78 0.13499999999999998 0.04 0.09