0 0.805 0.405 0.07 0.13000000000000003
1 0.805 0.405 0.07 0.13000000000000003
0 0.245 0.40499999999999997 0.11 0.21
2 0.245 0.40499999999999997 0.11 0.21
1 0.245 0.40499999999999997 0.11 0.21
0 0.59 0.4 0.1 0.22
2 0.59 0.4 0.1 0.22
1 0.59 0.4 0.1 0.22
0 0.515 0.335 0.07 0.13000000000000003
1 0.515 0.335 0.07 0.13000000000000003
0 0.42 0.37000000000000005 0.12 0.24000000000000002
2 0.42 0.37000000000000005 0.12 0.24000000000000002
1 0.42 0.37000000000000005 0.12 0.24000000000000002
0 0.345 0.32295081967213113 0.07 0.15409836065573773
0 0.668290909090909 0.39726775956284155 0.06123636363636355 0.10054644808743173
2 0.668290909090909 0.39726775956284155 0.06123636363636355 0.10054644808743173
1 0.668290909090909 0.39726775956284155 0.06123636363636355 0.10054644808743173