0 0.35526666666666673 0.40946428571428567 0.02193333333333333 0.035952380952380986
1 0.35526666666666673 0.40946428571428567 0.02193333333333333 0.035952380952380986
0 0.3910833333333334 0.39886904761904757 0.023033333333333322 0.03380952380952376
1 0.3910833333333334 0.39886904761904757 0.023033333333333322 0.03380952380952376
0 0.7962000000000001 0.35657738095238095 0.03199999999999998 0.05708333333333335
1 0.7962000000000001 0.35657738095238095 0.03199999999999998 0.05708333333333335
0 0.9296666666666666 0.46875 0.045333333333333226 0.05416666666666663
1 0.9296666666666666 0.46875 0.045333333333333226 0.05416666666666663
2 0.9296666666666666 0.46875 0.045333333333333226 0.05416666666666663
0 0.47000000000000003 0.36 0.02 0.040000000000000036
1 0.47000000000000003 0.36 0.02 0.040000000000000036
0 0.51 0.3449999999999999 0.02 0.04999999999999999
0 0.40066666666666667 0.46398809523809514 0.03400000000000001 0.09107142857142855
1 0.40066666666666667 0.46398809523809514 0.03400000000000001 0.09107142857142855
2 0.40066666666666667 0.46398809523809514 0.03400000000000001 0.09107142857142855
0 0.745 0.48499999999999993 0.05 0.11000000000000001
1 0.745 0.48499999999999993 0.05 0.11000000000000001
0 0.43000000000000005 0.365 0.02 0.030000000000000037
1 0.43000000000000005 0.365 0.02 0.030000000000000037
0 0.48000000000000004 0.35 0.02 0.039999999999999994