0 0.6820958333333333 0.15076875 0.0405583333333334 0.0591625
1 0.6820958333333333 0.15076875 0.0405583333333334 0.0591625
0 0.5 0.34 0.12000000000000001 0.22
1 0.5 0.34 0.12000000000000001 0.22
0 0.765 0.275 0.09000000000000001 0.15
1 0.765 0.275 0.09000000000000001 0.15
0 0.5700000000000001 0.075 0.02 0.05
1 0.5700000000000001 0.075 0.02 0.05
0 0.16 0.125 0.02 0.05
1 0.16 0.125 0.02 0.05
0 0.5 0.06 0.02 0.06
1 0.5 0.06 0.02 0.06
0 0.060000000000000005 0.145 0.02 0.05
1 0.060000000000000005 0.145 0.02 0.05
0 0.015000000000000001 0.1 0.030000000000000002 0.06
1 0.015000000000000001 0.1 0.030000000000000002 0.06