0 0.3549090909090909 0.773551912568306 0.09018181818181817 0.1064480874316941
1 0.3549090909090909 0.773551912568306 0.09018181818181817 0.1064480874316941
2 0.3549090909090909 0.773551912568306 0.09018181818181817 0.1064480874316941
0 0.022563636363636366 0.41592896174863386 0.03923636363636363 0.04934426229508197
0 0.8565090909090909 0.22855191256830604 0.022472727272727297 0.02278688524590161
0 0.7232727272727272 0.44180327868852454 0.05600000000000002 0.07814207650273222
1 0.7232727272727272 0.44180327868852454 0.05600000000000002 0.07814207650273222
2 0.7232727272727272 0.44180327868852454 0.05600000000000002 0.07814207650273222
0 0.4505454545454546 0.390983606557377 0.04072727272727274 0.07377049180327869
2 0.4505454545454546 0.390983606557377 0.04072727272727274 0.07377049180327869
1 0.4505454545454546 0.390983606557377 0.04072727272727274 0.07377049180327869