0 0.22 0.6449999999999999 0.07999999999999997 0.17
1 0.22 0.6449999999999999 0.07999999999999997 0.17
0 0.10500000000000001 0.68 0.09 0.18000000000000005
1 0.10500000000000001 0.68 0.09 0.18000000000000005
0 0.5449999999999999 0.63 0.08999999999999998 0.17999999999999997
1 0.5449999999999999 0.63 0.08999999999999998 0.17999999999999997
0 0.6799999999999999 0.631547619047619 0.07999999999999996 0.16309523809523804
1 0.6799999999999999 0.631547619047619 0.07999999999999996 0.16309523809523804
0 0.365 0.6099999999999999 0.08999999999999998 0.17999999999999997
1 0.365 0.6099999999999999 0.08999999999999998 0.17999999999999997
0 0.9249999999999999 0.62 0.08999999999999989 0.17999999999999997
1 0.9249999999999999 0.62 0.08999999999999989 0.17999999999999997