0 0.4889632107023411 0.7333333333333333 0.020066889632107024 0.06071428571428581
1 0.4889632107023411 0.7333333333333333 0.020066889632107024 0.06071428571428581
2 0.4889632107023411 0.7333333333333333 0.020066889632107024 0.06071428571428581
0 0.7339464882943143 0.42586309523809524 0.04581939799331109 0.11017857142857142
1 0.7339464882943143 0.42586309523809524 0.04581939799331109 0.11017857142857142
2 0.7339464882943143 0.42586309523809524 0.04581939799331109 0.11017857142857142
0 0.42000000000000004 0.39499999999999996 0.06000000000000004 0.13
2 0.42000000000000004 0.39499999999999996 0.06000000000000004 0.13
0 0.5900000000000001 0.205 0.10000000000000002 0.22999999999999998
2 0.5900000000000001 0.205 0.10000000000000002 0.22999999999999998
1 0.5900000000000001 0.205 0.10000000000000002 0.22999999999999998