0 0.7400000000000001 0.22731958762886598 0.08 0.14536082474226805
2 0.7400000000000001 0.22731958762886598 0.08 0.14536082474226805
1 0.7400000000000001 0.22731958762886598 0.08 0.14536082474226805
0 0.6336293436293436 0.39438144329896907 0.09027027027027036 0.16752577319587633
2 0.6336293436293436 0.39438144329896907 0.09027027027027036 0.16752577319587633
1 0.6336293436293436 0.39438144329896907 0.09027027027027036 0.16752577319587633
0 0.945 0.26499999999999996 0.06999999999999998 0.13
1 0.945 0.26499999999999996 0.06999999999999998 0.13
2 0.945 0.26499999999999996 0.06999999999999998 0.13
0 0.655 0.28 0.06999999999999998 0.14
1 0.655 0.28 0.06999999999999998 0.14
2 0.655 0.28 0.06999999999999998 0.14
0 0.25 0.3641752577319588 0.28 0.47164948453608246