0 0.36 0.395 0.16 0.31
1 0.36 0.395 0.16 0.31
2 0.36 0.395 0.16 0.31
0 0.49500000000000005 0.21000000000000002 0.06999999999999998 0.16
1 0.49500000000000005 0.21000000000000002 0.06999999999999998 0.16
0 0.81 0.22499999999999998 0.12000000000000002 0.27
1 0.81 0.22499999999999998 0.12000000000000002 0.27
0 0.375 0.19000000000000003 0.09000000000000001 0.16000000000000003
1 0.375 0.19000000000000003 0.09000000000000001 0.16000000000000003
0 0.5900000000000001 0.2 0.07999999999999995 0.18
1 0.5900000000000001 0.2 0.07999999999999995 0.18
0 0.12901993355481728 0.15523952095808383 0.07604651162790697 0.13706586826347306
1 0.12901993355481728 0.15523952095808383 0.07604651162790697 0.13706586826347306