0 0.84 0.325 0.059999999999999984 0.12999999999999998
0 0.24499999999999997 0.285 0.07 0.17
1 0.24499999999999997 0.285 0.07 0.17
0 0.9666451612903225 0.3794478527607362 0.026000000000000006 0.04822085889570552
0 0.62 0.325 0.059999999999999984 0.12999999999999998
0 0.18499999999999997 0.21000000000000002 0.09 0.26
1 0.18499999999999997 0.21000000000000002 0.09 0.26
2 0.18499999999999997 0.21000000000000002 0.09 0.26
0 0.51 0.23 0.11999999999999997 0.28
1 0.51 0.23 0.11999999999999997 0.28
2 0.51 0.23 0.11999999999999997 0.28
0 0.375 0.275 0.11000000000000003 0.25
1 0.375 0.275 0.11000000000000003 0.25
0 0.09 0.24000000000000005 0.12000000000000001 0.26
1 0.09 0.24000000000000005 0.12000000000000001 0.26
0 0.74 0.205 0.11999999999999997 0.25
1 0.74 0.205 0.11999999999999997 0.25
2 0.74 0.205 0.11999999999999997 0.25