0 0.38999999999999996 0.095 0.01999999999999999 0.030000000000000002
0 0.425 0.09 0.01000000000000002 0.04000000000000001
0 0.67 0.06 0.01999999999999994 0.04
0 0.9849999999999999 0.045 0.02999999999999996 0.06999999999999999
0 0.6283448275862069 0.06948275862068966 0.013448275862068888 0.024712643678160923
0 0.9560344827586207 0.053017241379310354 0.052344827586206726 0.09339080459770115
1 0.9560344827586207 0.053017241379310354 0.052344827586206726 0.09339080459770115
0 0.5340689655172414 0.8295977011494252 0.07137931034482754 0.08793103448275869
1 0.5340689655172414 0.8295977011494252 0.07137931034482754 0.08793103448275869
2 0.5340689655172414 0.8295977011494252 0.07137931034482754 0.08793103448275869
0 0.7828448275862069 0.558735632183908 0.08293103448275865 0.12137931034482762
1 0.7828448275862069 0.558735632183908 0.08293103448275865 0.12137931034482762
2 0.7828448275862069 0.558735632183908 0.08293103448275865 0.12137931034482762
0 0.2122413793103448 0.503448275862069 0.09689655172413791 0.1839080459770115
1 0.2122413793103448 0.503448275862069 0.09689655172413791 0.1839080459770115