0 0.3293269230769231 0.657716049382716 0.02801282051282054 0.054938271604938305
1 0.3293269230769231 0.657716049382716 0.02801282051282054 0.054938271604938305
0 0.645 0.295 0.02999999999999995 0.07000000000000002
1 0.645 0.295 0.02999999999999995 0.07000000000000002
0 0.215 0.67 0.03000000000000002 0.05999999999999999
1 0.215 0.67 0.03000000000000002 0.05999999999999999
0 0.245 0.42999999999999994 0.029999999999999995 0.05999999999999999
1 0.245 0.42999999999999994 0.029999999999999995 0.05999999999999999
0 0.565 0.31 0.030000000000000044 0.05999999999999999
0 0.34439102564102564 0.4599691358024691 0.025320512820512838 0.0508024691358024
1 0.34439102564102564 0.4599691358024691 0.025320512820512838 0.0508024691358024