0 0.175 0.14500000000000002 0.06999999999999999 0.15
1 0.175 0.14500000000000002 0.06999999999999999 0.15
2 0.175 0.14500000000000002 0.06999999999999999 0.15
0 0.7699999999999999 0.30000000000000004 0.059999999999999984 0.11999999999999998
2 0.7699999999999999 0.30000000000000004 0.059999999999999984 0.11999999999999998
1 0.7699999999999999 0.30000000000000004 0.059999999999999984 0.11999999999999998
0 0.13499999999999998 0.15000000000000002 0.06999999999999999 0.16000000000000003
2 0.13499999999999998 0.15000000000000002 0.06999999999999999 0.16000000000000003
1 0.13499999999999998 0.15000000000000002 0.06999999999999999 0.16000000000000003
0 0.47 0.16000000000000003 0.059999999999999984 0.12
1 0.47 0.16000000000000003 0.059999999999999984 0.12
0 0.365 0.125 0.06999999999999995 0.13000000000000003
1 0.365 0.125 0.06999999999999995 0.13000000000000003